Score: 0 , Pizza Available: 78049 , no. of Teams is 1696
2 28332 28327 12
2 28323 28271 10
2 28265 28261 12
2 28259 28248 12
2 28230 28227 12
2 28226 28209 12
2 28189 28186 12
2 28177 28155 11
2 28154 28099 12
2 28076 28070 12
2 28049 28048 10
2 28039 28032 12
2 28022 27976 12
2 27958 27953 12
2 27943 27942 12
2 27922 27918 12
2 27905 27878 12
2 27874 27869 12
2 27857 27852 12
2 27838 27789 11
2 27783 27773 12
2 27758 27742 12
2 27713 27659 12
2 27656 27650 11
2 27611 27599 12
2 27576 27570 12
2 27563 27543 11
2 27518 27509 12
2 27490 27489 12
2 27468 27459 12
2 27456 27455 11
2 27433 27416 12
2 27404 27392 12
2 27359 27346 11
2 27307 27305 12
2 27280 27267 12
2 27262 27248 12
2 27246 27244 12
2 27237 27211 12
2 27192 27144 12
2 27127 27126 12
2 27118 27106 10
2 27100 27096 12
2 27068 27060 12
2 27053 27047 11
2 27046 27042 12
2 27027 27024 12
2 26965 26953 12
2 26919 26906 11
2 26858 26806 12
2 26803 26776 11
2 26757 26750 12
2 26724 26716 11
2 26705 26697 12
2 26674 26665 12
2 26661 26628 12
2 26620 26596 11
2 26594 26591 12
2 26571 26568 12
2 26567 26552 11
2 26525 26508 12
2 26500 26483 12
2 26480 26479 12
2 26443 26439 11
2 26424 26421 12
2 26409 26395 12
2 26390 26387 12
2 26380 26360 11
2 26352 26349 11
2 26348 26344 12
2 26340 26330 12
2 26310 26307 12
2 26302 26294 12
2 26291 26279 12
2 26277 26240 12
2 26231 26230 12
2 26216 26181 12
2 26161 26159 12
2 26151 26150 12
2 26046 26045 11
2 26008 26005 12
2 25968 25938 12
2 25921 25890 11
2 25867 25855 12
2 25823 25796 11
2 25770 25766 12
2 25758 25742 12
2 25732 25710 11
2 25676 25640 11
2 25631 25614 11
2 25611 25605 12
2 25564 25559 12
2 25536 25530 12
2 25513 25494 12
2 25491 25482 11
2 25471 25467 11
2 25457 25454 12
2 25426 25416 11
2 25377 25376 11
2 25365 25364 11
2 25349 25344 12
2 25335 25326 12
2 25291 25286 11
2 25278 25272 12
2 25239 25224 12
2 25206 25172 11
2 25171 25168 11
2 25146 25115 12
2 25113 25066 12
2 25062 25059 12
2 25053 25051 12
2 25041 25034 10
2 24990 24900 12
2 24890 24884 11
2 24882 24871 11
2 24857 24807 12
2 24804 24787 12
2 24768 24761 12
2 24746 24738 12
2 24737 24670 11
2 24661 24607 12
2 24591 24573 12
2 24564 24557 12
2 24536 24527 12
2 24524 24523 12
2 24521 24515 12
2 24513 24504 12
2 24462 24450 12
2 24447 24445 12
2 24403 24396 11
2 24371 24357 12
2 24345 24333 12
2 24328 24317 11
2 24298 24269 12
2 24256 24217 12
2 24213 24172 12
2 24145 24144 11
2 24142 24115 12
2 24103 24102 11
2 24086 24082 12
2 24078 24070 11
2 24060 24041 12
2 24037 24027 12
2 24012 24001 12
2 23976 23966 12
2 23964 23958 11
2 23945 23916 12
2 23910 23886 12
2 23873 23852 12
2 23844 23843 10
2 23827 23804 12
2 23783 23775 12
2 23768 23760 12
2 23752 23743 12
2 23716 23715 11
2 23689 23660 12
2 23649 23629 11
2 23592 23582 12
2 23577 23574 12
2 23572 23563 12
2 23553 23549 12
2 23527 23521 11
2 23499 23483 11
2 23482 23472 12
2 23445 23443 11
2 23417 23400 11
2 23383 23380 12
2 23361 23334 11
2 23331 23329 11
2 23318 23300 12
2 23286 23282 12
2 23277 23202 12
2 23201 23189 12
2 23181 23172 12
2 23170 23165 12
2 23082 23075 11
2 23050 23048 12
2 23031 23023 12
2 22995 22983 12
2 22982 22975 12
2 22966 22963 12
2 22938 22930 12
2 22916 22890 12
2 22879 22878 12
2 22860 22850 12
2 22843 22827 11
2 22816 22810 12
2 22807 22796 12
2 22760 22751 12
2 22750 22749 12
2 22745 22709 11
2 22661 22657 12
2 22645 22641 12
2 22630 22626 11
2 22611 22594 11
2 22586 22577 12
2 22567 22524 11
2 22523 22475 12
2 22468 22467 11
2 22460 22459 11
2 22447 22444 12
2 22441 22435 12
2 22381 22371 11
2 22366 22357 12
2 22329 22275 11
2 22272 22259 12
2 22172 22170 10
2 22111 22098 11
2 22093 22087 9
2 22078 22061 12
2 22051 22035 11
2 22032 22012 11
2 21987 21980 12
2 21970 21956 11
2 21938 21924 12
2 21902 21886 11
2 21876 21872 12
2 21870 21864 12
2 21850 21821 11
2 21782 21763 12
2 21747 21742 10
2 21707 21682 12
2 21646 21626 11
2 21571 21560 11
2 21554 21542 9
2 21530 21525 12
2 21473 21456 12
2 21433 21399 12
2 21397 21382 12
2 21375 21354 12
2 21337 21322 12
2 21319 21293 12
2 21285 21228 12
2 21213 21189 12
2 21179 21118 11
2 21057 21049 11
2 21042 21039 12
2 21029 20991 12
2 20962 20939 11
2 20923 20900 12
2 20897 20895 12
2 20883 20875 12
2 20864 20862 11
2 20856 20806 12
2 20772 20753 12
2 20752 20740 12
2 20735 20720 12
2 20716 20679 12
2 20656 20640 12
2 20630 20626 12
2 20625 20611 12
2 20601 20579 12
2 20545 20510 12
2 20489 20488 11
2 20487 20465 11
2 20457 20454 12
2 20448 20438 12
2 20396 20394 12
2 20366 20362 11
2 20360 20354 12
2 20347 20333 12
2 20307 20305 12
2 20288 20233 12
2 20232 20210 11
2 20175 20126 11
2 20124 20097 11
2 20094 20093 11
2 20086 20081 11
2 19999 19990 12
2 19943 19921 12
2 19918 19912 12
2 19901 19881 12
2 19868 19865 12
2 19864 19863 12
2 19778 19768 11
2 19762 19736 12
2 19731 19727 12
2 19715 19707 12
2 19703 19600 10
2 19597 19571 12
2 19564 19556 11
2 19488 19439 10
2 19437 19386 12
2 19368 19358 12
2 19352 19351 12
2 19343 19319 12
2 19312 19309 12
2 19288 19264 12
2 19238 19234 12
2 19231 19209 10
2 19173 19163 12
2 19154 19149 12
2 19113 19108 11
2 19098 19097 12
2 19094 19064 12
2 19055 19046 12
2 19045 19037 12
2 18943 18918 12
2 18897 18894 11
2 18891 18872 12
2 18870 18848 12
2 18841 18833 11
2 18826 18825 12
2 18820 18806 12
2 18783 18782 12
2 18781 18776 12
2 18771 18759 12
2 18735 18728 12
2 18724 18721 12
2 18697 18693 12
2 18665 18654 12
2 18642 18636 12
2 18632 18625 12
2 18624 18622 12
2 18578 18571 11
2 18559 18548 12
2 18531 18529 12
2 18521 18518 12
2 18483 18473 12
2 18470 18456 12
2 18423 18416 12
2 18401 18396 12
2 18390 18387 12
2 18374 18363 12
2 18326 18307 12
2 18298 18289 12
2 18286 18275 12
2 18254 18239 12
2 18238 18233 11
2 18220 18214 11
2 18213 18142 12
2 18124 18111 12
2 18105 18089 12
2 18086 18067 11
2 18063 18042 10
2 18025 18018 12
2 18013 18004 10
2 18003 18001 11
2 17958 17914 12
2 17897 17895 12
2 17892 17878 11
2 17873 17869 12
2 17835 17784 12
2 17746 17731 12
2 17693 17678 11
2 17668 17634 12
2 17620 17618 11
2 17600 17597 12
2 17535 17510 12
2 17500 17427 11
2 17420 17381 11
2 17343 17336 11
2 17329 17326 12
2 17313 17304 12
2 17289 17287 12
2 17286 17265 12
2 17262 17250 12
2 17212 17205 12
2 17188 17176 12
2 17139 17122 12
2 17116 17048 11
2 17038 17028 12
2 17008 17007 12
2 16980 16947 12
2 16943 16932 11
2 16889 16870 12
2 16868 16848 12
2 16841 16840 10
2 16823 16813 12
2 16810 16788 11
2 16774 16724 12
2 16717 16686 11
2 16609 16582 12
2 16577 16567 12
2 16553 16541 11
2 16539 16523 11
2 16516 16512 12
2 16496 16488 12
2 16484 16439 11
2 16434 16420 12
2 16408 16398 11
2 16354 16353 12
2 16345 16334 11
2 16256 16251 12
2 16238 16226 12
2 16211 16204 12
2 16184 16179 12
2 16168 16154 11
2 16153 16120 12
2 16118 16099 12
2 16097 16089 12
2 16063 16049 11
2 15999 15996 12
2 15992 15953 12
2 15933 15932 12
2 15915 15905 12
2 15903 15901 12
2 15896 15851 12
2 15842 15840 12
2 15814 15809 12
2 15800 15777 11
2 15774 15746 12
2 15743 15731 12
2 15727 15718 11
2 15716 15708 12
2 15707 15664 12
2 15632 15624 10
2 15618 15614 12
2 15568 15565 12
2 15557 15542 12
2 15503 15498 12
2 15487 15471 12
2 15423 15413 12
2 15345 15317 12
2 15312 15271 12
2 15267 15214 12
2 15205 15138 12
2 15123 15118 12
2 15071 15069 11
2 15003 14992 12
2 14978 14977 11
2 14971 14963 12
2 14959 14934 11
2 14933 14900 11
2 14891 14844 12
2 14840 14834 11
2 14830 14827 12
2 14808 14784 11
2 14776 14770 12
2 14694 14688 11
2 14682 14638 12
2 14611 14594 11
2 14593 14589 12
2 14570 14542 12
2 14540 14530 12
2 14526 14490 12
2 14488 14463 11
2 14450 14422 12
2 14407 14367 12
2 14342 14341 11
2 14325 14321 10
2 14310 14303 12
2 14260 14230 12
2 14222 14198 12
2 14144 14119 12
2 14097 14072 10
2 14070 14031 12
2 14002 13970 11
2 13946 13902 11
2 13898 13885 11
2 13868 13866 12
2 13856 13833 11
2 13809 13793 12
2 13780 13773 12
2 13759 13739 12
2 13725 13712 12
2 13699 13689 12
2 13679 13674 11
2 13662 13646 12
2 13634 13574 12
2 13560 13528 11
2 13515 13510 11
2 13509 13494 11
2 13487 13468 12
2 13465 13414 12
2 13398 13389 12
2 13383 13329 10
2 13320 13310 11
2 13283 13265 12
2 13245 13219 11
2 13212 13206 12
2 13204 13196 12
2 13194 13182 11
2 13129 13123 11
2 13115 13114 11
2 13101 13090 12
2 13066 13063 12
2 13058 13055 12
2 13054 13028 10
2 13026 13020 11
2 13015 13008 12
2 12982 12969 12
2 12943 12928 12
2 12921 12916 11
2 12914 12891 12
2 12888 12887 12
2 12883 12867 11
2 12828 12805 11
2 12755 12712 12
2 12647 12637 12
2 12618 12614 11
2 12602 12584 12
2 12568 12495 12
2 12462 12445 12
2 12416 12415 12
2 12397 12395 12
2 12385 12377 12
2 12357 12344 11
2 12314 12303 12
2 12294 12243 12
2 12231 12211 12
2 12183 12160 12
2 12148 12143 12
2 12134 12074 12
2 12071 12053 12
2 12049 12041 11
2 12015 12004 12
2 12001 11988 12
2 11981 11976 12
2 11971 11943 12
2 11936 11927 12
2 11916 11894 10
2 11879 11876 12
2 11827 11816 12
2 11774 11734 12
2 11691 11685 11
2 11681 11680 11
2 11668 11659 12
2 11647 11619 12
2 11584 11578 11
2 11572 11567 11
2 11495 11480 12
2 11449 11445 12
2 11417 11412 12
2 11404 11376 11
2 11367 11356 11
2 11311 11307 11
2 11239 11232 12
2 11208 11192 12
2 11190 11179 12
2 11162 11160 12
2 11145 11141 12
2 11137 11132 10
2 11113 11111 11
2 11071 11068 12
2 11066 11065 12
2 11057 11049 12
2 11035 11025 10
2 11016 10971 12
2 10939 10905 12
2 10899 10894 12
2 10885 10837 11
2 10836 10830 12
2 10744 10713 12
2 10660 10615 11
2 10614 10574 11
2 10573 10572 11
2 10550 10533 12
2 10482 10479 12
2 10459 10414 11
2 10412 10411 12
2 10408 10391 11
2 10368 10346 12
2 10344 10341 12
2 10336 10273 11
2 10263 10251 12
2 10217 10194 10
2 10173 10156 12
2 10150 10114 12
2 10105 10097 12
2 10053 10020 11
2 9982 9976 12
2 9965 9939 12
2 9938 9900 12
2 9890 9884 12
2 9860 9850 11
2 9810 9798 12
2 9786 9782 12
2 9772 9767 11
2 9764 9753 12
2 9732 9723 10
2 9696 9686 12
2 9679 9664 11
2 9654 9653 12
2 9627 9612 11
2 9582 9574 12
2 9570 9553 11
2 9538 9509 12
2 9498 9449 11
2 9448 9439 11
2 9411 9406 12
2 9377 9371 11
2 9362 9350 12
2 9339 9319 11
2 9283 9255 10
2 9244 9222 12
2 9204 9183 12
2 9181 9175 12
2 9164 9158 12
2 9142 9115 12
2 9102 9079 10
2 9073 9072 12
2 9071 9064 11
2 9061 9059 12
2 9049 9037 12
2 9028 9005 11
2 8981 8953 12
2 8948 8926 11
2 8923 8918 12
2 8895 8852 12
2 8847 8845 12
2 8833 8821 12
2 8786 8766 12
2 8763 8760 9
2 8745 8742 12
2 8701 8698 12
2 8676 8644 12
2 8631 8623 12
2 8596 8543 12
2 8510 8504 12
2 8484 8473 12
2 8468 8461 12
2 8443 8437 11
2 8427 8419 11
2 8353 8306 12
2 8304 8297 12
2 8295 8280 12
2 8273 8243 12
2 8236 8156 12
2 8134 8133 12
2 8129 8125 12
2 8121 8106 12
2 8079 8078 12
2 8071 8065 10
2 8056 8050 12
2 8009 8000 12
2 7991 7989 12
2 7984 7981 12
2 7979 7978 12
2 7956 7929 12
2 7928 7911 11
2 7894 7851 12
2 7846 7800 11
2 7788 7763 12
2 7757 7727 12
2 7726 7689 12
2 7683 7680 12
2 7676 7648 12
2 7592 7588 11
2 7544 7537 12
2 7536 7510 11
2 7508 7504 12
2 7497 7483 12
2 7471 7437 12
2 7402 7387 12
2 7384 7377 12
2 7364 7355 12
2 7343 7332 11
2 7324 7323 12
2 7301 7254 12
2 7240 7237 12
2 7199 7185 12
2 7177 7160 12
2 7151 7148 11
2 7109 7096 11
2 7084 7077 12
2 7075 7074 12
2 7073 7044 12
2 7023 6999 12
2 6978 6936 12
2 6911 6901 11
2 6890 6872 11
2 6862 6854 10
2 6834 6833 11
2 6811 6787 11
2 6784 6755 12
2 6749 6740 12
2 6732 6729 12
2 6719 6691 12
2 6686 6680 11
2 6679 6632 11
2 6629 6619 11
2 6604 6601 12
2 6578 6561 12
2 6557 6546 12
2 6528 6527 11
2 6507 6506 11
2 6489 6486 12
2 6483 6442 10
2 6421 6398 12
2 6310 6298 12
2 6289 6273 12
2 6269 6227 12
2 6218 6190 12
2 6162 6158 12
2 6147 6140 11
2 6122 6107 12
2 6083 6041 12
2 6035 6025 11
2 6015 5986 12
2 5979 5964 11
2 5954 5948 11
2 5941 5940 11
2 5919 5902 12
2 5871 5865 12
2 5836 5825 12
2 5796 5753 12
2 5742 5717 12
2 5715 5662 11
2 5598 5593 11
2 5591 5588 12
2 5567 5550 12
2 5540 5501 11
2 5471 5464 11
2 5444 5434 12
2 5409 5399 12
2 5384 5335 12
2 5330 5312 12
2 5303 5287 12
2 5285 5284 10
2 5180 5167 11
2 5151 5146 10
2 5139 5093 11
2 5079 5078 12
2 5073 5071 12
2 5070 5037 11
2 5035 5032 11
2 5029 4999 12
2 4983 4975 11
2 4959 4939 12
2 4930 4907 12
2 4903 4892 12
2 4890 4872 11
2 4871 4862 11
2 4856 4844 12
2 4802 4768 11
2 4766 4742 10
2 4703 4695 12
2 4692 4678 11
2 4632 4620 12
2 4609 4595 12
2 4587 4530 12
2 4508 4487 12
2 4442 4439 11
2 4437 4404 12
2 4394 4374 11
2 4372 4371 12
2 4346 4320 11
2 4319 4296 12
2 4269 4257 12
2 4246 4232 12
2 4223 4207 11
2 4181 4177 12
2 4175 4158 12
2 4146 4091 12
2 4048 4035 11
2 4015 3996 12
2 3982 3974 12
2 3969 3967 12
2 3959 3949 12
2 3946 3929 12
2 3921 3917 12
2 3915 3910 12
2 3905 3885 12
2 3867 3853 12
2 3850 3800 12
2 3779 3758 11
2 3750 3742 11
2 3734 3712 10
2 3711 3704 11
2 3691 3657 12
2 3630 3614 11
2 3594 3582 12
2 3576 3564 12
2 3546 3542 12
2 3540 3537 12
2 3531 3506 11
2 3474 3464 11
2 3457 3434 11
2 3422 3402 12
2 3399 3396 11
2 3373 3372 12
2 3369 3363 12
2 3357 3306 12
2 3209 3207 12
2 3182 3177 11
2 3162 3140 12
2 3134 3129 12
2 3114 3112 12
2 3111 3093 12
2 3079 3070 12
2 3063 3028 10
2 3019 3018 12
2 3005 3002 12
2 2995 2970 10
2 2966 2947 12
2 2944 2941 12
2 2940 2926 12
2 2916 2887 12
2 2851 2845 12
2 2832 2828 12
2 2816 2813 12
2 2799 2787 12
2 2786 2714 12
2 2691 2685 11
2 2661 2644 12
2 2640 2635 12
2 2632 2624 12
2 2613 2612 12
2 2599 2565 12
2 2554 2534 12
2 2519 2505 12
2 2497 2494 11
2 2477 2467 10
2 2459 2458 11
2 2446 2436 12
2 2412 2401 12
2 2372 2369 11
2 2364 2354 11
2 2353 2342 10
2 2340 2308 11
2 2295 2281 12
2 2267 2255 12
2 2253 2250 11
2 2247 2242 12
2 2225 2204 12
2 2199 2190 11
2 2153 2150 12
2 2144 2099 12
2 2089 2080 11
2 2069 2062 12
2 2051 2031 12
2 2008 1996 11
2 1982 1981 11
2 1980 1961 11
2 1958 1931 12
2 1896 1845 12
2 1844 1781 10
2 1775 1741 12
2 1725 1719 11
2 1717 1715 12
2 1707 1706 12
2 1680 1651 12
2 1648 1646 12
2 1645 1644 11
2 1610 1606 11
2 1579 1568 12
2 1553 1548 12
2 1509 1482 12
2 1462 1456 12
2 1449 1448 11
2 1443 1412 12
2 1407 1406 11
2 1384 1378 12
2 1342 1330 11
2 1329 1319 12
2 1300 1288 12
2 1280 1278 12
2 1235 1220 12
2 1217 1210 11
2 1160 1135 12
2 1118 1065 12
2 1036 991 12
2 988 982 12
2 975 974 12
2 967 959 12
2 912 905 12
2 904 870 12
2 838 823 12
2 820 816 12
2 812 783 12
2 780 748 12
2 717 716 12
2 712 686 11
2 648 634 12
2 633 615 12
2 610 522 12
2 509 507 12
2 494 491 12
2 481 479 11
2 465 434 12
2 430 429 12
2 428 421 12
2 409 408 12
2 405 401 12
2 398 393 11
2 392 340 12
2 338 250 11
2 248 240 12
2 178 170 12
2 151 142 12
2 139 109 12
2 98 90 12
2 76 38 10
2 37 20 12
2 99985 99981 10
2 99966 99926 10
2 99921 99916 10
2 99914 99912 10
2 99908 99907 10
2 99899 99877 10
2 99868 99864 10
2 99863 99847 10
2 99831 99828 10
2 99815 99789 9
2 99779 99743 10
2 99736 99724 10
2 99719 99698 10
2 99681 99673 10
2 99672 99669 10
2 99640 99627 9
2 99606 99604 10
2 99571 99556 10
2 99555 99547 10
2 99498 99485 10
2 99481 99472 9
2 99453 99440 10
2 99435 99410 8
2 99399 99388 10
2 99380 99377 8
2 99375 99356 10
2 99336 99333 10
2 99309 99253 10
2 99231 99196 9
2 99186 99185 10
2 99183 99172 10
2 99157 99154 10
2 99105 99089 10
2 99067 99061 10
2 99057 99055 10
2 99044 99033 10
2 99002 98985 10
2 98970 98951 10
2 98950 98936 10
2 98935 98931 10
2 98903 98897 10
2 98873 98857 10
2 98851 98845 10
2 98832 98824 10
2 98822 98820 9
2 98809 98790 10
2 98776 98752 10
2 98747 98733 10
2 98731 98716 9
2 98700 98679 10
2 98655 98630 10
2 98605 98586 10
2 98557 98553 10
2 98549 98547 10
2 98537 98526 10
2 98521 98483 10
2 98477 98474 10
2 98472 98426 10
2 98400 98384 10
2 98379 98359 10
2 98343 98339 10
2 98336 98334 10
2 98332 98319 10
2 98318 98315 10
2 98311 98309 9
2 98274 98249 10
2 98245 98239 10
2 98229 98227 10
2 98220 98152 9
2 98148 98142 10
2 98134 98115 9
2 98096 98065 9
2 98059 98049 10
2 98047 98044 10
2 98040 98032 10
2 97987 97983 10
2 97982 97964 10
2 97942 97936 10
2 97932 97925 10
2 97918 97907 10
2 97898 97895 10
2 97868 97858 10
2 97853 97836 10
2 97827 97822 10
2 97809 97807 9
2 97786 97775 10
2 97740 97737 10
2 97733 97728 10
2 97724 97723 10
2 97695 97690 10
2 97676 97661 10
2 97650 97588 10
2 97585 97581 9
2 97566 97552 10
2 97550 97527 10
2 97507 97506 9
2 97474 97460 10
2 97441 97429 10
2 97381 97370 9
2 97354 97344 9
2 97339 97331 9
2 97330 97317 10
2 97307 97305 10
2 97303 97293 9
2 97274 97260 10
2 97253 97249 10
2 97242 97232 10
2 97231 97225 10
2 97179 97169 9
2 97130 97121 10
2 97107 97105 10
2 97092 97083 10
2 97062 97032 9
2 97005 96976 10
2 96975 96965 10
2 96956 96947 10
2 96940 96922 10
2 96887 96840 10
2 96831 96826 10
2 96821 96818 10
2 96793 96792 10
2 96781 96778 10
2 96770 96666 10
2 96662 96660 10
2 96639 96604 10
2 96571 96569 10
2 96552 96528 9
2 96513 96499 10
2 96487 96460 9
2 96454 96453 10
2 96448 96438 10
2 96422 96416 10
2 96400 96381 10
2 96370 96364 10
2 96334 96326 10
2 96325 96324 10
2 96306 96301 10
2 96277 96250 10
2 96241 96239 10
2 96234 96228 10
2 96216 96204 10
2 96199 96177 10
2 96160 96150 10
2 96144 96139 10
2 96136 96117 10
2 96106 96089 9
2 96085 96042 10
2 96034 96023 10
2 96020 96003 9
2 95995 95989 10
2 95979 95974 10
2 95971 95957 10
2 95955 95919 9
2 95915 95914 10
2 95900 95883 9
2 95877 95869 9
2 95849 95844 10
2 95841 95833 10
2 95793 95765 10
2 95757 95747 10
2 95745 95708 10
2 95704 95687 10
2 95652 95632 10
2 95630 95625 9
2 95617 95614 10
2 95569 95558 10
2 95551 95550 10
2 95539 95524 10
2 95522 95506 10
2 95440 95410 8
2 95408 95406 10
2 95402 95394 9
2 95371 95324 10
2 95321 95317 10
2 95314 95307 10
2 95304 95297 10
2 95294 95271 9
2 95254 95210 10
2 95195 95184 10
2 95182 95149 10
2 95144 95112 10
2 95103 95098 10
2 95093 95080 10
2 95054 95049 9
2 95047 95043 10
2 95032 94998 9
2 94988 94987 10
2 94933 94916 10
2 94896 94893 10
2 94874 94780 10
2 94768 94719 9
2 94706 94672 9
2 94669 94666 10
2 94665 94625 9
2 94623 94595 10
2 94583 94542 10
2 94528 94515 10
2 94500 94487 10
2 94484 94481 10
2 94470 94461 10
2 94459 94458 10
2 94453 94436 10
2 94422 94412 10
2 94406 94404 10
2 94358 94351 10
2 94341 94336 9
2 94318 94310 9
2 94301 94277 10
2 94274 94251 10
2 94229 94222 10
2 94221 94214 8
2 94172 94129 10
2 94115 94105 10
2 94098 94052 10
2 94027 94019 10
2 94009 94002 10
2 93993 93982 10
2 93972 93967 10
2 93960 93958 10
2 93946 93935 10
2 93922 93919 10
2 93915 93907 10
2 93904 93895 9
2 93885 93883 10
2 93882 93862 10
2 93861 93832 9
2 93819 93797 10
2 93793 93790 10
2 93778 93764 9
2 93727 93726 10
2 93720 93713 10
2 93709 93674 10
2 93665 93610 10
2 93605 93600 10
2 93583 93581 10
2 93572 93540 10
2 93510 93489 10
2 93488 93468 9
2 93446 93428 10
2 93427 93421 10
2 93418 93417 10
2 93385 93379 9
2 93353 93351 10
2 93332 93322 9
2 93311 93301 10
2 93279 93276 10
2 93274 93246 10
2 93244 93232 10
2 93227 93226 10
2 93221 93197 10
2 93193 93122 9
2 93112 93094 9
2 93088 93063 10
2 93060 93047 9
2 93044 93043 9
2 93030 93014 10
2 93009 92982 10
2 92972 92966 10
2 92964 92957 10
2 92952 92946 10
2 92945 92922 9
2 92912 92906 9
2 92897 92896 10
2 92878 92877 10
2 92874 92872 10
2 92871 92866 10
2 92859 92857 9
2 92835 92832 10
2 92824 92810 9
2 92809 92797 10
2 92794 92787 10
2 92764 92737 10
2 92703 92653 10
2 92650 92644 9
2 92642 92640 10
2 92622 92602 9
2 92600 92567 10
2 92556 92497 10
2 92494 92486 10
2 92475 92471 10
2 92469 92459 9
2 92449 92398 10
2 92392 92377 10
2 92367 92359 10
2 92340 92324 10
2 92320 92317 9
2 92305 92300 9
2 92265 92261 10
2 92249 92242 10
2 92223 92222 10
2 92220 92214 10
2 92193 92184 10
2 92143 92122 10
2 92106 92096 10
2 92085 92080 10
2 92070 92068 10
2 92064 92050 10
2 92031 91999 10
2 91985 91974 10
2 91947 91933 10
2 91912 91893 10
2 91855 91842 10
2 91823 91820 10
2 91781 91777 10
2 91773 91771 9
2 91755 91752 10
2 91748 91744 10
2 91719 91699 9
2 91680 91677 10
2 91671 91658 10
2 91652 91651 10
2 91649 91645 10
2 91640 91639 9
2 91625 91608 10
2 91607 91590 10
2 91575 91558 9
2 91554 91530 10
2 91516 91510 9
2 91502 91491 10
2 91487 91476 10
2 91472 91459 10
2 91458 91455 10
2 91454 91445 10
2 91444 91441 9
2 91438 91426 10
2 91393 91381 10
2 91359 91344 9
2 91342 91334 10
2 91333 91293 10
2 91287 91283 10
2 91261 91238 8
2 91224 91222 10
2 91209 91204 10
2 91201 91200 10
2 91197 91190 10
2 91176 91171 9
2 91160 91154 10
2 91137 91133 10
2 91126 91110 10
2 91094 91091 10
2 91055 91050 9
2 91046 91036 10
2 91034 91029 10
2 91024 91014 10
2 91008 91006 10
2 90979 90959 10
2 90939 90920 9
2 90919 90914 10
2 90905 90901 9
2 90865 90855 10
2 90831 90830 10
2 90813 90812 10
2 90786 90767 10
2 90748 90734 10
2 90731 90727 9
2 90717 90716 9
2 90715 90705 9
2 90693 90681 9
2 90674 90628 10
2 90604 90596 10
2 90590 90587 10
2 90585 90576 10
2 90567 90534 10
2 90519 90504 9
2 90496 90494 10
2 90493 90488 10
2 90472 90465 10
2 90463 90449 10
2 90415 90369 10
2 90361 90326 10
2 90323 90296 10
2 90269 90264 10
2 90249 90215 10
2 90187 90164 9
2 90122 90098 10
2 90086 90080 10
2 90077 90069 10
2 90035 90030 10
2 90026 90020 10
2 90017 90016 9
2 90013 90009 10
2 90008 89989 10
2 89970 89958 10
2 89949 89929 10
2 89928 89919 10
2 89917 89915 10
2 89907 89903 9
2 89902 89900 10
2 89890 89889 10
2 89883 89881 10
2 89877 89867 10
2 89864 89854 10
2 89833 89816 8
2 89790 89778 10
2 89732 89699 10
2 89698 89696 10
2 89683 89676 10
2 89665 89650 10
2 89644 89638 9
2 89619 89610 10
2 89598 89563 10
2 89558 89549 10
2 89526 89523 9
2 89512 89501 10
2 89495 89484 10
2 89470 89403 10
2 89386 89328 10
2 89311 89292 10
2 89282 89277 10
2 89260 89243 10
2 89229 89200 10
2 89198 89196 10
2 89180 89161 10
2 89159 89148 9
2 89113 89085 10
2 89079 89077 10
2 89066 89063 10
2 89059 89044 10
2 89038 89035 10
2 89029 89014 10
2 89004 89002 10
2 88992 88990 10
2 88987 88986 10
2 88959 88958 10
2 88925 88911 10
2 88900 88894 10
2 88884 88866 10
2 88859 88853 10
2 88817 88802 10
2 88746 88710 10
2 88683 88680 9
2 88671 88659 10
2 88627 88622 10
2 88613 88593 10
2 88577 88550 10
2 88549 88540 9
2 88526 88517 10
2 88516 88498 10
2 88496 88433 10
2 88413 88412 10
2 88371 88365 10
2 88344 88337 9
2 88309 88298 10
2 88286 88280 10
2 88242 88240 10
2 88222 88215 10
2 88204 88160 9
2 88151 88130 10
2 88117 88114 10
2 88105 88103 10
2 88100 88091 10
2 88085 88074 9
2 88070 88041 10
2 88029 88018 10
2 87999 87991 10
2 87984 87929 10
2 87916 87913 10
2 87902 87901 9
2 87891 87887 10
2 87884 87842 10
2 87840 87827 10
2 87826 87813 10
2 87811 87778 10
2 87753 87746 9
2 87722 87711 10
2 87705 87702 10
2 87690 87682 9
2 87681 87663 10
2 87641 87616 10
2 87574 87569 9
2 87550 87547 10
2 87537 87518 10
2 87510 87496 10
2 87487 87485 10
2 87465 87460 10
2 87446 87431 10
2 87397 87396 10
2 87379 87358 10
2 87346 87343 10
2 87330 87324 10
2 87322 87318 10
2 87315 87300 10
2 87293 87291 10
2 87285 87284 10
2 87262 87261 10
2 87253 87247 10
2 87231 87225 10
2 87213 87199 10
2 87196 87189 10
2 87164 87158 10
2 87137 87121 9
2 87112 87109 10
2 87080 87069 10
2 87063 87058 10
2 87043 87028 8
2 87024 87021 10
2 87018 87015 10
2 86976 86936 10
2 86921 86903 10
2 86884 86883 9
2 86871 86856 10
2 86850 86837 10
2 86835 86831 10
2 86824 86813 10
2 86794 86792 10
2 86789 86786 10
2 86771 86758 10
2 86749 86714 10
2 86712 86708 10
2 86697 86668 10
2 86660 86608 9
2 86587 86585 10
2 86581 86571 10
2 86563 86562 10
2 86554 86547 9
2 86537 86526 10
2 86513 86502 10
2 86491 86476 10
2 86466 86456 10
2 86452 86449 9
2 86447 86440 10
2 86435 86434 10
2 86424 86419 8
2 86402 86390 9
2 86380 86379 10
2 86353 86326 10
2 86302 86301 10
2 86293 86287 10
2 86277 86257 10
2 86246 86234 10
2 86225 86206 10
2 86204 86196 9
2 86178 86154 10
2 86143 86135 10
2 86129 86127 10
2 86116 86104 10
2 86096 86092 10
2 86076 86064 10
2 86050 86046 10
2 86028 86015 10
2 86005 86000 10
2 85993 85991 10
2 85949 85937 10
2 85934 85923 9
2 85913 85901 10
2 85871 85850 10
2 85840 85838 10
2 85809 85803 10
2 85783 85774 10
2 85755 85722 9
2 85721 85715 9
2 85703 85697 10
2 85685 85676 10
2 85640 85629 10
2 85628 85624 10
2 85617 85603 10
2 85593 85589 10
2 85572 85568 10
2 85564 85561 10
2 85559 85547 9
2 85535 85529 10
2 85514 85506 10
2 85488 85485 10
2 85466 85442 10
2 85438 85416 9
2 85362 85359 10
2 85334 85330 10
2 85327 85322 8
2 85318 85308 10
2 85290 85283 10
2 85254 85234 10
2 85227 85213 10
2 85195 85191 10
2 85186 85175 10
2 85144 85138 10
2 85134 85127 10
2 85115 85111 10
2 85088 85071 10
2 85056 85044 9
2 85007 85006 10
2 85000 84997 9
2 84996 84994 10
2 84972 84939 10
2 84934 84932 10
2 84929 84912 10
2 84906 84877 10
2 84871 84860 10
2 84833 84830 10
2 84828 84812 9
2 84808 84807 10
2 84789 84785 10
2 84777 84769 10
2 84764 84752 10
2 84728 84690 10
2 84686 84682 10
2 84679 84669 10
2 84656 84655 10
2 84652 84640 10
2 84632 84623 10
2 84605 84598 10
2 84586 84566 10
2 84563 84560 10
2 84558 84556 9
2 84553 84530 9
2 84526 84519 10
2 84502 84501 10
2 84495 84466 9
2 84445 84425 10
2 84327 84296 10
2 84293 84282 9
2 84272 84235 10
2 84212 84186 10
2 84177 84169 10
2 84168 84151 9
2 84140 84130 10
2 84077 84058 10
2 84034 84032 10
2 84021 84017 10
2 84015 84003 9
2 83964 83946 9
2 83938 83931 10
2 83922 83910 10
2 83882 83881 10
2 83857 83844 9
2 83841 83828 10
2 83826 83824 10
2 83810 83803 10
2 83768 83749 10
2 83745 83732 10
2 83709 83704 10
2 83702 83690 10
2 83688 83685 10
2 83663 83661 9
2 83658 83653 10
2 83618 83616 10
2 83588 83570 10
2 83569 83554 10
2 83545 83541 10
2 83525 83505 9
2 83482 83477 10
2 83462 83454 10
2 83451 83431 10
2 83413 83412 10
2 83384 83373 9
2 83368 83366 9
2 83357 83338 10
2 83336 83280 9
2 83269 83266 10
2 83248 83240 9
2 83236 83233 10
2 83228 83205 9
2 83203 83199 10
2 83196 83190 10
2 83180 83179 10
2 83174 83167 10
2 83148 83136 10
2 83128 83120 10
2 83100 83092 10
2 83089 83084 10
2 83083 83064 10
2 83038 83003 10
2 82949 82907 10
2 82897 82890 10
2 82886 82883 10
2 82878 82876 10
2 82872 82867 10
2 82842 82823 9
2 82817 82811 10
2 82802 82793 10
2 82750 82749 10
2 82740 82725 10
2 82717 82695 9
2 82692 82680 10
2 82654 82653 10
2 82644 82638 10
2 82634 82629 10
2 82604 82603 10
2 82581 82561 10
2 82543 82530 10
2 82518 82477 10
2 82465 82460 10
2 82452 82450 10
2 82442 82428 10
2 82371 82363 10
2 82350 82348 10
2 82335 82328 10
2 82304 82254 9
2 82247 82245 9
2 82242 82236 10
2 82229 82217 10
2 82213 82190 10
2 82173 82163 9
2 82161 82159 9
2 82158 82145 10
2 82131 82129 9
2 82126 82088 9
2 82085 82077 9
2 82049 82045 10
2 82035 82026 10
2 82017 81999 10
2 81994 81987 10
2 81976 81970 10
2 81949 81947 10
2 81931 81899 10
2 81892 81877 10
2 81861 81858 10
2 81845 81813 10
2 81799 81754 10
2 81753 81737 9
2 81734 81704 10
2 81673 81665 9
2 81660 81655 10
2 81653 81647 10
2 81632 81631 10
2 81607 81605 10
2 81590 81588 10
2 81581 81558 10
2 81549 81533 10
2 81526 81525 10
2 81524 81521 9
2 81508 81504 10
2 81498 81472 10
2 81466 81465 10
2 81449 81444 9
2 81440 81438 9
2 81430 81406 10
2 81397 81380 10
2 81367 81365 10
2 81345 81329 9
2 81328 81325 10
2 81315 81314 10
2 81297 81289 9
2 81261 81244 9
2 81243 81203 10
2 81174 81160 10
2 81151 81149 10
2 81145 81137 10
2 81118 81116 10
2 81061 81059 10
2 81052 81049 10
2 81042 81041 10
2 81029 81015 10
2 81012 81011 10
2 81009 80999 10
2 80944 80932 10
2 80919 80911 9
2 80906 80898 10
2 80894 80890 10
2 80888 80866 10
2 80860 80855 10
2 80850 80848 10
2 80833 80824 10
2 80805 80788 10
2 80779 80775 10
2 80750 80744 10
2 80733 80709 9
2 80698 80695 9
2 80684 80667 10
2 80638 80615 10
2 80606 80599 10
2 80556 80555 10
2 80537 80515 9
2 80508 80501 10
2 80498 80487 10
2 80473 80469 9
2 80432 80428 10
2 80420 80411 10
2 80406 80383 10
2 80382 80351 10
2 80320 80294 10
2 80292 80270 10
2 80258 80255 10
2 80251 80249 10
2 80228 80226 9
2 80224 80193 10
2 80187 80173 10
2 80166 80163 10
2 80139 80121 10
2 80105 80099 9
2 80095 80083 10
2 80082 80059 9
2 80057 80044 10
2 80040 80014 10
2 80009 80001 10
2 79962 79950 9
2 79943 79930 10
2 79927 79916 9
2 79876 79865 9
2 79857 79843 10
2 79831 79793 10
2 79773 79743 10
2 79742 79735 10
2 79733 79732 10
2 79730 79723 10
2 79682 79675 10
2 79664 79657 10
2 79650 79649 10
2 79645 79604 10
2 79587 79545 10
2 79538 79536 9
2 79534 79509 10
2 79488 79487 9
2 79362 79356 9
2 79341 79336 10
2 79333 79311 9
2 79291 79288 10
2 79271 79262 10
2 79207 79204 10
2 79196 79136 10
2 79107 79100 10
2 79084 79050 10
Score: 198115 , Pizza Available: 74657