Score: 0 , Pizza Available: 100000 , no. of Teams is 3661
3 32085 82967 70098 76
3 24622 75534 61298 76
3 41003 33739 54956 71
3 32533 1679 69258 72
3 61157 56433 14779 69
3 97319 95902 83924 69
3 54094 42969 42033 64
3 6272 92513 74687 64
3 10644 35983 32771 66
3 28440 22821 98840 65
3 90043 77794 76341 67
3 60310 46106 37948 63
3 36756 29760 25708 68
3 83942 83062 55283 59
3 48870 27350 26923 59
3 16640 13993 13440 63
3 11880 8294 7742 59
3 97666 92942 84043 60
3 81280 66165 65330 59
3 65032 63463 63368 60
3 58251 50671 40995 65
3 36008 35698 23015 60
3 12898 2573 83374 60
3 79563 75138 67926 56
3 66437 63779 63229 63
3 61112 59114 53960 60
3 53103 48349 48110 63
3 39689 34364 26662 61
3 17108 15766 10224 62
3 6463 6393 4520 56
3 4502 3979 95323 60
3 92780 91904 90928 62
3 83149 71598 67431 60
3 64705 60711 58496 56
3 53007 50572 50389 60
3 50326 48273 47583 56
3 45991 38486 38317 58
3 34905 31888 31752 56
3 29928 27683 24356 58
3 23974 22305 21374 59
3 21315 18778 14671 54
3 13579 12634 7552 54
3 95209 93335 91657 62
3 89062 83486 80502 57
3 78938 75282 74712 58
3 71672 69893 68253 53
3 58980 56206 53187 57
3 44496 44316 35555 57
3 29180 28902 21888 59
3 6751 5202 4617 50
3 3720 3705 3219 60
3 96441 94015 89220 54
3 88708 88520 85576 56
3 83576 81842 73834 56
3 72914 62748 62599 55
3 62033 54681 51332 53
3 47774 43917 40898 51
3 38095 36163 34273 56
3 32043 30470 24063 58
3 23130 18982 16714 58
3 14445 9387 8043 50
3 4131 78 98941 55
3 95275 94673 93307 51
3 93007 89786 88025 52
3 85432 83806 83325 54
3 77202 77120 77025 55
3 74582 72591 72458 51
3 70268 69719 69120 49
3 65275 64778 64173 50
3 63749 59440 58353 55
3 58271 56873 56824 52
3 56272 52386 52009 52
3 48399 47643 47603 48
3 44489 42908 41871 51
3 37213 36091 34264 56
3 28963 28344 28006 50
3 27626 23076 12990 56
3 12290 6141 2076 53
3 1837 1418 1029 54
3 832 620 385 53
3 99602 98205 97508 50
3 97484 96623 94725 42
3 94717 92038 87434 49
3 84684 81993 79043 53
3 77397 76291 75153 48
3 75071 73367 71427 52
3 70053 70045 67002 48
3 65094 64395 62257 51
3 61486 59336 58265 52
3 57809 57786 55795 53
3 55218 54564 54322 48
3 53962 52138 51546 50
3 51407 50288 49745 44
3 49227 48769 47887 55
3 46302 45701 39425 48
3 39151 38526 37860 48
3 36766 36174 35646 49
3 35231 33627 33129 49
3 31615 29569 25810 47
3 25626 24819 24748 51
3 24132 23705 23585 48
3 22539 17637 16758 49
3 15926 15098 14500 51
3 13726 10972 10304 47
3 9932 4857 3409 50
3 3406 3091 2328 50
3 1175 916 98270 52
3 97425 95806 94306 47
3 94029 92548 92099 44
3 90720 90217 89045 50
3 87780 86219 85025 49
3 84917 84718 83497 49
3 83101 81848 81714 51
3 81546 80984 80567 47
3 75878 75775 75338 50
3 74796 74295 73665 48
3 71147 68389 67147 50
3 64831 62357 61952 48
3 61670 61451 60913 52
3 59851 58880 56085 48
3 56058 54926 54303 46
3 49834 49817 49527 52
3 49276 49101 48441 52
3 46451 46124 45707 49
3 44865 44034 43438 48
3 39683 36781 35598 51
3 34954 34335 33340 49
3 32338 31084 30954 49
3 29743 29470 28545 50
3 27536 27111 26584 49
3 26537 26083 25884 55
3 25501 21967 20917 46
3 20294 19640 19552 51
3 16503 16482 16266 49
3 16096 15667 14538 48
3 13504 13344 12724 47
3 10927 9184 9120 48
3 7859 6849 6168 47
3 6067 4245 3619 49
3 3010 1337 419 48
3 99450 99192 98313 47
3 98209 95912 95229 49
3 94048 93424 91987 48
3 91939 90274 90015 47
3 89770 89695 86862 46
3 86746 86584 84255 46
3 82651 82551 82444 49
3 81924 81830 81480 46
3 80191 79797 79667 47
3 77816 77707 77225 47
3 76488 76142 75687 49
3 72728 72573 71385 49
3 71334 70458 69516 46
3 68855 68803 68514 48
3 68473 67515 67417 46
3 67371 66718 66430 47
3 64627 63127 63057 46
3 62908 62412 62286 49
3 60233 60125 59679 46
3 59573 59151 56866 45
3 56438 52774 51591 45
3 51441 51096 50302 45
3 50282 48817 47380 48
3 45810 45590 44559 49
3 44163 43878 42248 43
3 42186 39182 38511 46
3 38492 38420 38156 48
3 37622 36337 34146 47
3 34137 33644 33359 48
3 31813 30936 30810 48
3 30789 30413 29496 51
3 29438 29075 28717 48
3 28701 28694 28311 49
3 28240 27991 27699 47
3 27695 26804 26746 41
3 26640 25836 25160 47
3 24517 24457 21814 46
3 20712 20685 20244 46
3 17761 16114 15347 44
3 14217 11482 11109 46
3 9720 8465 6892 49
3 6651 6096 3442 43
3 3206 2737 1964 47
3 1355 948 99634 46
3 99221 98998 98406 45
3 98215 97731 97680 44
3 97592 97048 96671 44
3 96548 96481 96425 45
3 96405 96268 96070 46
3 95950 95938 95514 44
3 95272 94273 93837 47
3 92818 91664 91136 44
3 90937 90656 89622 45
3 89096 88448 88228 41
3 87952 87505 87083 45
3 86998 86385 86075 42
3 85944 85577 84878 39
3 84404 83342 82933 41
3 81417 80879 80650 42
3 80459 79988 79828 44
3 79576 79129 78757 46
3 78667 78186 77682 45
3 77656 77504 76955 43
3 76609 76425 76353 43
3 76205 76071 76060 42
3 75907 75403 74799 46
3 74696 73602 73548 46
3 71665 70772 68660 42
3 68434 67143 66703 50
3 66596 66273 65838 43
3 65663 65549 65118 43
3 65090 65007 64602 46
3 63114 62947 62945 44
3 62374 62367 60767 43
3 59723 59715 59608 40
3 58146 56353 56351 44
3 55766 55570 55154 47
3 54843 54244 53432 43
3 53219 52642 52498 42
3 52154 51045 51037 44
3 50007 49485 48724 43
3 48681 48568 48505 46
3 48221 47818 46582 42
3 45534 44586 44365 42
3 43629 43287 42862 41
3 42345 42025 41658 42
3 41143 39962 39925 42
3 39646 39249 39179 43
3 38274 37977 37918 48
3 37292 37173 36736 46
3 36723 36343 36328 44
3 35235 35092 32818 43
3 32217 32050 31019 45
3 30806 30784 30040 46
3 29724 29690 29584 47
3 29202 29151 28912 46
3 28468 27850 27540 47
3 25565 24867 23935 39
3 23930 23444 22875 43
3 22695 22655 22456 46
3 21539 20108 19483 41
3 18936 18095 17818 45
3 17246 16365 16269 42
3 16188 15888 15825 44
3 15464 14866 14680 47
3 14242 14175 13930 41
3 13722 12881 12159 47
3 10800 9537 9386 40
3 8668 8581 7475 45
3 6915 6727 6726 49
3 6624 6487 6233 46
3 5505 5255 4915 46
3 4062 3595 3514 46
3 3453 3223 2701 47
3 2699 1923 1430 41
3 1275 1121 593 47
3 99664 99536 99372 42
3 97652 97644 97085 42
3 96310 95547 95420 41
3 94976 94322 93640 45
3 92991 92892 92781 42
3 91926 91910 91646 43
3 91149 90400 89510 40
3 89441 89377 89242 40
3 89165 89112 89060 41
3 88956 87304 87276 42
3 86805 85870 85739 39
3 85650 84681 84600 47
3 84522 84313 84281 41
3 84011 83520 82753 42
3 82050 81579 81182 46
3 80981 80910 79754 40
3 79616 79146 79083 41
3 78096 77855 77327 43
3 77037 76847 76515 44
3 75932 74306 73887 45
3 73818 73757 73670 43
3 73436 73372 72729 41
3 72331 72231 71930 42
3 71622 71340 71268 40
3 71179 70763 70714 47
3 69105 69100 68961 44
3 68548 68474 68031 42
3 68005 67221 66660 46
3 66477 66009 65925 45
3 65801 65589 65162 44
3 64298 63767 63259 48
3 62532 62373 61967 41
3 61030 60951 60644 42
3 60005 59361 59160 43
3 58691 58369 57683 44
3 57540 57489 57285 45
3 57206 57068 57051 43
3 57024 56357 56064 44
3 55999 55960 54851 42
3 54331 52914 52656 45
3 52463 52179 52061 44
3 51707 51425 50798 47
3 50793 50598 50241 41
3 49958 49466 49338 43
3 49125 48975 48925 45
3 48826 48501 48490 38
3 47601 46894 46068 41
3 45708 45626 45028 41
3 44713 44248 44158 43
3 43757 43664 43243 42
3 43031 42515 42094 43
3 41559 41328 41273 46
3 41240 41017 40737 45
3 40436 39978 39951 42
3 39944 39432 38959 41
3 38669 38046 37115 44
3 35657 34897 34351 43
3 34080 33942 32931 43
3 32775 32585 32450 42
3 32151 31722 30284 46
3 30025 29871 29223 47
3 28592 28402 28133 42
3 28082 27885 27694 41
3 27621 27571 27121 44
3 26991 26831 26197 41
3 25429 24429 24319 41
3 24286 23891 22915 44
3 22618 21905 21237 42
3 20993 20619 20393 43
3 20054 19555 19110 43
3 18882 18575 16901 44
3 16337 16240 15559 44
3 14811 14761 13931 43
3 13840 13822 13134 43
3 12927 12464 12237 41
3 11768 11270 11180 40
3 11046 10627 10496 43
3 10424 10013 9462 46
3 9365 9221 8887 44
3 8435 7983 7291 44
3 6720 6711 6568 42
3 5648 4792 4504 47
3 4104 3058 2522 44
3 2449 1936 1394 44
3 1371 956 348 45
3 99328 99247 99145 45
3 98862 98525 98432 40
3 98234 98217 98144 43
3 97765 97306 97198 39
3 96927 95990 95952 41
3 95894 95243 95174 40
3 94258 93912 93697 42
3 93615 93547 93530 42
3 93516 93314 92814 39
3 92716 92709 92394 39
3 92325 92284 92251 40
3 92100 91637 91061 39
3 90990 90642 90176 42
3 90140 90057 89721 38
3 89703 89652 89401 43
3 88818 88749 88574 43
3 87865 87026 86900 41
3 86468 86320 86237 39
3 85905 85160 84795 42
3 84719 84624 84111 41
3 83968 83764 83743 43
3 82918 82788 82583 40
3 81904 81814 81371 41
3 81147 81043 80810 39
3 80626 80500 80497 44
3 80143 80124 80000 42
3 79820 79063 78051 39
3 76868 76737 76336 42
3 76327 76062 76057 38
3 75893 75763 75588 39
3 75501 75327 75158 39
3 74559 74122 74062 40
3 73778 73200 73196 42
3 71780 71775 71413 43
3 70576 70215 69944 42
3 69813 69712 69576 37
3 68991 68915 68404 42
3 67707 67360 66746 43
3 66698 66625 66013 39
3 65744 65604 65514 39
3 65309 65016 64914 41
3 64685 64664 64213 43
3 64152 63502 62975 43
3 62829 62597 62572 43
3 62353 61674 61493 39
3 61265 61038 60878 43
3 60702 60693 59762 43
3 58937 58808 58788 42
3 58675 58634 58495 39
3 58470 58418 58332 38
3 58123 57946 57586 40
3 57531 57402 57392 44
3 57070 56448 56208 43
3 55647 54769 54569 40
3 54517 54307 53672 42
3 52956 52766 52450 41
3 52047 52015 51964 39
3 51858 51655 51386 42
3 51337 50962 50930 41
3 50058 49869 49678 42
3 49183 48542 48540 42
3 47845 47246 47099 38
3 46821 46361 46258 40
3 46184 46016 45897 42
3 45018 44995 44943 42
3 44539 43006 42594 40
3 41970 41938 41557 43
3 41480 41278 40969 39
3 40911 40633 39262 42
3 38891 38425 38351 38
3 38195 37445 36458 40
3 36363 36211 35806 38
3 35494 35019 34959 38
3 34447 33816 33468 37
3 33399 33157 32938 39
3 32461 32436 32345 39
3 32334 31685 31460 41
3 31234 31110 31028 39
3 31010 31007 30546 41
3 30184 29753 29594 43
3 29171 28721 28448 39
3 27864 27410 27312 43
3 26857 26715 26651 40
3 26546 26433 26405 41
3 26217 25516 25489 46
3 24875 24019 24018 42
3 23820 23474 23244 41
3 23195 22502 22181 42
3 21651 21520 21360 40
3 21332 21190 21055 40
3 21031 20738 20529 41
3 20199 19547 19081 44
3 18965 18809 18644 45
3 18535 18250 18131 42
3 18045 17836 17796 40
3 17736 17626 17492 40
3 17187 16904 16843 36
3 16143 15515 15499 42
3 15494 15444 14974 40
3 14212 13659 13609 39
3 13284 13175 12268 40
3 12190 12165 11990 42
3 11561 11220 11080 43
3 11008 10686 10657 38
3 10534 10030 9826 40
3 9730 9648 9078 37
3 8737 8165 8074 38
3 6738 6585 6445 42
3 5893 5744 5597 41
3 4677 4428 4289 40
3 4202 3744 3394 42
3 3271 2607 2546 41
3 2509 1688 1566 41
3 1541 1397 1260 40
3 963 944 786 40
3 189 99599 99515 39
3 99417 99242 99072 38
3 99008 98823 98710 40
3 98597 98221 98118 41
3 98117 98101 97803 42
3 97603 97456 97432 39
3 97394 96061 95804 34
3 95787 95720 95703 38
3 95520 95308 94820 42
3 94743 94442 94323 42
3 94299 94096 94057 40
3 93938 93305 93216 36
3 92838 92713 92533 37
3 92489 92406 92393 35
3 92252 92248 92059 37
3 91975 91871 91357 37
3 91346 91340 91305 37
3 91158 90864 90859 38
3 90766 90426 90366 41
3 89964 89411 89405 41
3 89088 88776 88709 37
3 88640 88565 88511 38
3 88275 88219 87997 40
3 87814 87455 87269 35
3 87250 86910 86541 39
3 86299 86161 86153 40
3 86114 86040 85909 37
3 85854 85771 85527 39
3 85484 85467 85455 38
3 85360 85110 84853 41
3 84714 84242 83254 40
3 82866 82786 82630 37
3 82548 82542 82472 39
3 82069 82048 81984 38
3 81936 81914 81591 40
3 81156 81025 80954 39
3 80828 80643 80564 38
3 80197 80142 79953 37
3 79821 79782 79263 41
3 79218 79144 79026 38
3 78963 78570 77988 38
3 77942 77890 77638 38
3 77068 76836 76549 36
3 76417 76280 76162 37
3 76132 76076 76039 37
3 75872 75801 75702 39
3 75657 75525 75132 40
3 75126 74885 74650 42
3 74372 74116 74004 39
3 74000 73724 73621 39
3 73238 73218 73117 37
3 73073 72953 72804 37
3 72356 71912 71770 36
3 71609 71572 70911 36
3 70784 70469 70163 38
3 69707 69390 69359 41
3 69300 69068 68585 38
3 68249 68193 68068 41
3 67344 67247 66546 38
3 66182 66087 65971 40
3 65441 65171 64968 38
3 64913 64683 64522 41
3 64115 63723 63615 40
3 63603 63439 63412 41
3 63372 62591 62198 40
3 62125 61888 61669 41
3 61643 61638 61548 39
3 61392 61276 60950 39
3 60123 59636 58666 39
3 57885 57773 57574 39
3 57492 57450 57412 38
3 57381 57282 56763 39
3 56563 56480 55841 39
3 55551 55323 55146 39
3 54967 54837 54642 36
3 54157 54084 53972 36
3 52523 52321 52143 40
3 51899 51495 51488 35
3 51264 51263 50947 41
3 50877 50234 49900 37
3 49741 49636 49553 41
3 49153 48319 48023 35
3 47978 47681 47659 37
3 47546 47528 47474 38
3 47390 47068 46922 42
3 46581 46061 46005 35
3 45940 45788 45501 43
3 45105 44880 44789 41
3 44786 44613 44598 39
3 44402 44320 44214 39
3 44147 43740 43608 38
3 43448 43275 43259 38
3 42956 42122 41916 38
3 41895 41823 41330 39
3 41289 41106 40993 37
3 40720 40609 40449 38
3 40447 40440 40054 37
3 39676 39659 39550 37
3 39527 39162 38954 41
3 38695 38629 38533 39
3 38230 38133 38117 38
3 38096 37979 37845 42
3 37726 37123 36819 38
3 36720 36395 36182 37
3 35916 35411 34686 40
3 33977 33901 33799 41
3 33708 33634 33194 39
3 32897 32788 32369 38
3 32354 31625 31519 40
3 31054 30922 30794 40
3 30741 30089 29879 35
3 29803 29731 29471 39
3 29133 29070 28906 40
3 28635 28485 28444 41
3 28188 28157 28101 40
3 28043 27930 27649 40
3 27601 27585 27447 39
3 26907 26653 26187 42
3 25897 25888 25821 39
3 24847 24628 24597 38
3 24407 24359 24222 38
3 23853 23826 23713 39
3 23480 23306 23235 36
3 23073 22419 22309 36
3 21125 21036 21028 37
3 20808 20722 20572 39
3 20230 19750 18878 39
3 18551 18544 18149 40
3 18075 18041 17918 38
3 17685 17643 17611 40
3 17451 17248 17066 40
3 16872 16405 15856 35
3 15751 15304 15178 42
3 15111 14862 14561 39
3 14531 14377 14322 37
3 13834 13666 13572 40
3 13288 13240 12474 39
3 12466 12308 12012 36
3 11969 11901 11574 42
3 11183 11166 11073 37
3 10826 10353 9912 42
3 9740 9403 9252 41
3 8985 8815 8590 39
3 8439 8357 8350 40
3 8233 8010 8008 38
3 7829 7828 7603 40
3 7325 7062 6832 37
3 6823 6815 6415 39
3 6395 6204 6151 34
3 5840 5730 5344 39
3 5299 5229 5156 40
3 4694 4446 4176 37
3 4033 3851 3446 39
3 3425 3342 3027 36
3 2778 2360 2273 40
3 1959 1292 1241 40
3 1134 1129 161 39
3 18 99658 99637 37
3 99381 99371 98760 36
3 98622 98478 97997 37
3 97978 97689 97594 35
3 97494 97324 97280 39
3 97264 97226 96689 40
3 96664 96495 96203 39
3 96007 95874 95670 36
3 95495 95225 95189 37
3 94954 94940 94917 35
3 94857 94787 94635 33
3 94553 94402 94210 34
3 94173 93636 93551 39
3 93494 93477 93466 37
3 93185 93167 92021 35
3 92018 91831 91795 40
3 91373 91299 91205 36
3 90954 90625 90624 36
3 90309 90292 90156 36
3 89927 89646 89345 39
3 89170 88813 88474 36
3 88363 87937 87605 34
3 87598 87587 87495 35
3 87409 87387 87334 36
3 87212 87125 87033 35
3 87001 86870 86802 37
3 86624 86552 86529 36
3 86469 86405 86325 38
3 86294 86184 86142 37
3 86107 86052 85861 36
3 85245 84903 84674 36
3 84667 84401 84246 33
3 84116 84079 84062 38
3 83840 83758 83276 37
3 83241 83088 82879 36
3 82805 82696 82355 34
3 82252 82138 81619 36
3 81574 81551 80908 35
3 80539 80494 80481 34
3 80346 80278 80065 34
3 80062 80017 79680 34
3 79489 79398 79312 33
3 79101 78913 78892 38
3 78809 78657 78596 33
3 78514 78448 78122 36
3 78070 78039 77917 39
3 77839 77807 77790 36
3 77698 77654 77518 34
3 77390 77299 76852 34
3 76767 76707 76596 33
3 76181 75798 74861 37
3 74679 74529 74257 36
3 74087 73855 73786 33
3 73703 73677 73612 36
3 73559 73516 73277 36
3 73178 73165 72898 36
3 72105 72081 72056 39
3 71986 71531 71409 37
3 71408 71095 71086 36
3 71071 70829 70290 38
3 70167 69408 69373 39
3 69280 69031 68913 40
3 68726 68583 68423 40
3 67801 67598 67581 37
3 67545 67103 66965 36
3 66891 66628 66544 37
3 66394 66312 66094 37
3 66011 65940 65877 38
3 65874 65754 65561 37
3 65334 64792 64754 33
3 64466 64455 64186 36
3 64065 64016 63989 35
3 63947 63929 63851 35
3 63790 63748 63134 36
3 62460 62316 62114 35
3 61848 61708 61596 38
3 61088 60979 60929 36
3 60907 60761 60613 37
3 60520 60381 60248 37
3 60151 60089 59920 36
3 59335 59207 59200 36
3 59149 58951 58920 39
3 58749 58719 58436 34
3 58131 58022 57925 41
3 57871 57689 57421 38
3 57321 57266 57257 33
3 57213 57060 57036 36
3 57008 56869 56861 37
3 56556 56463 56202 34
3 55563 55437 55312 38
3 54933 54847 54715 39
3 54508 54143 53318 37
3 53267 53053 52540 35
3 52475 52419 52394 35
3 51818 51771 51041 36
3 50835 50680 50531 37
3 50267 50253 50135 37
3 49732 49583 49292 37
3 49231 48891 48846 35
3 48789 48444 48212 33
3 48131 48094 48085 39
3 47989 47595 47396 39
3 47072 46909 46902 36
3 46592 46375 46369 36
3 46181 46058 45920 35
3 45861 45609 45424 34
3 45408 45393 44648 36
3 44462 44341 44189 35
3 43960 43907 43898 36
3 43881 43283 42977 36
3 42131 42013 41844 35
3 41740 41634 41582 35
3 41080 41076 41073 38
3 41028 40925 40889 38
3 40813 40578 40492 35
3 40120 40113 39985 37
3 39877 39823 39724 37
3 39439 39330 39089 36
3 38610 38530 38396 34
3 38201 38149 37803 35
3 37607 37575 37430 38
3 37202 36978 36435 37
3 36405 36252 36130 39
3 35999 35716 35506 36
3 35433 35379 34994 37
3 34873 34546 34515 35
3 33881 33727 33646 37
3 33204 33053 33021 34
3 32871 32842 32786 38
3 32770 32753 32739 39
3 32734 32731 32601 38
3 32291 32134 32131 36
3 31991 31791 31749 35
3 30975 30732 30723 39
3 30717 30695 30508 38
3 30501 30488 29557 36
3 29508 29209 28360 38
3 28339 28298 28238 36
3 28125 28123 27815 31
3 27630 27114 27003 37
3 26972 26960 26951 37
3 26815 26692 26077 38
3 26055 25159 24987 34
3 24860 24842 24836 37
3 24663 24626 24603 37
3 24506 24083 23791 39
3 23747 23610 23467 39
3 23454 23279 23124 38
3 23079 22535 22097 37
3 21947 21861 21472 36
3 21089 20678 19691 33
3 19550 19535 19530 35
3 19056 19043 18347 37
3 18341 18312 18087 36
3 18049 17888 17875 34
3 17846 17834 17435 35
3 17217 17162 16967 40
3 16538 16315 16191 38
3 16160 15950 15752 37
3 15659 15257 15189 36
3 15172 15152 14947 38
3 14906 14875 14797 38
3 14510 14444 14178 37
3 14152 14108 13943 34
3 13654 13597 13546 36
3 13207 13013 12976 35
3 12858 12801 12534 39
3 12379 12239 12018 35
3 11996 11629 11590 34
3 11583 10796 10636 36
3 10516 10458 10320 33
3 10256 9923 9868 38
3 9862 9750 9590 35
3 9548 9237 9129 35
3 9074 8896 8862 33
3 8704 8700 8136 38
3 7971 7900 7607 36
3 7465 7428 7296 39
3 7260 6841 6521 39
3 6196 6102 5903 37
3 5792 5726 5261 37
3 5243 5239 4991 39
3 4746 4728 4221 33
3 4125 3986 3748 38
3 3618 3573 3520 37
3 3272 3256 2873 39
3 2853 2651 2523 37
3 2474 2406 2335 40
3 2101 1957 1941 35
3 1926 1817 1535 37
3 1409 1204 1104 37
3 1059 1025 709 37
3 642 533 466 36
3 333 155 122 38
3 97 99846 99840 36
3 99721 99693 99662 36
3 99348 99159 99081 38
3 99071 99066 98854 34
3 98835 98806 98780 34
3 98507 98481 98331 35
3 98300 98285 98192 31
3 97990 97973 97886 34
3 97871 97867 97812 34
3 97590 97279 97096 35
3 96931 96708 96559 34
3 96408 96375 96358 33
3 96353 96341 96278 31
3 96211 96111 96091 31
3 96086 95719 95546 30
3 95302 95166 94746 35
3 94692 94683 94664 35
3 94615 94608 94571 32
3 94424 94359 93923 30
3 93597 93536 93521 34
3 93241 93127 92994 33
3 92960 92939 92873 32
3 92863 92862 92438 35
3 92426 92339 92240 33
3 91882 91782 91206 36
3 91088 91049 90735 34
3 90551 90384 90126 33
3 90042 90018 90002 31
3 89723 89458 89138 36
3 88927 88840 88756 34
3 88570 88514 88154 35
3 88045 88031 87977 36
3 87931 87821 87819 29
3 87038 86982 86897 34
3 86867 86854 86841 34
3 86787 86682 86642 33
3 86122 86058 85872 32
3 85575 85449 85198 30
3 85021 84905 84886 32
3 84601 84489 84351 35
3 84078 83895 83756 36
3 83676 83644 83422 34
3 83170 82869 82735 31
3 82703 82619 82488 32
3 82487 82476 82401 33
3 82360 82323 82284 33
3 81856 81637 81635 36
3 81561 81468 81410 34
3 81235 81205 80901 34
3 80870 80448 80442 36
3 80312 80267 80161 33
3 79815 79423 79342 33
3 79166 79158 78887 33
3 78880 78628 78602 35
3 78271 78258 78161 33
3 78047 77739 77652 31
3 77634 77419 77161 34
3 76917 76845 76754 32
3 76708 76617 76392 36
3 76231 76202 76136 35
3 76103 76078 75952 31
3 75911 75895 75491 36
3 75392 75220 74982 35
3 74784 74764 74169 34
3 73993 73954 73931 33
3 73881 73871 73689 32
3 73448 73363 73352 33
3 73343 73266 73226 32
3 73202 73156 73100 34
3 72901 72849 72574 37
3 72499 72359 72328 34
3 72050 72045 71999 34
3 71911 71847 71826 34
3 71794 71627 71532 34
3 71370 71337 71165 33
3 70833 70801 70486 34
3 70445 69802 69620 36
3 69153 68300 68269 34
3 68197 68180 67994 35
3 67897 67741 67723 37
3 67649 67608 67458 34
3 67381 67376 67309 36
3 67305 66512 66340 37
3 66290 66136 66084 35
3 65835 65745 65708 31
3 65670 65667 65660 35
3 64885 64864 64850 34
3 64841 64838 64817 37
3 64787 64725 64653 34
3 64620 64608 64533 35
3 64371 63986 63931 35
3 63918 63772 63590 36
3 63525 63359 63275 34
3 63108 63007 62950 33
3 62905 62783 62729 36
3 62712 62644 62612 35
3 62498 62284 61889 33
3 61871 61692 61671 33
3 61629 61504 61119 34
3 61054 60918 60751 37
3 60745 60729 60635 36
3 60570 60388 60305 35
3 60193 60134 60127 35
3 60103 60075 59972 34
3 59940 59922 59794 32
3 59774 59531 59507 34
3 58981 58846 58742 35
3 58722 58557 58440 36
3 58401 58397 58386 32
3 58287 58158 58147 34
3 58033 57838 57791 35
3 57477 57455 57428 35
3 57241 56981 56947 34
3 56850 56836 56706 34
3 56671 56454 56444 35
3 56134 56119 55847 34
3 55828 55557 55520 33
3 55407 55346 55316 36
3 55234 54961 54942 33
3 54919 54867 54604 36
3 54378 54346 54293 35
3 53813 53420 53266 36
3 53227 53108 52762 35
3 52668 52649 52510 33
3 52341 52300 52213 33
3 52198 51911 51838 33
3 51721 51571 51547 34
3 51485 51338 51151 33
3 51145 51071 50824 35
3 50787 50780 50445 34
3 50387 50006 49831 33
3 49814 49782 49771 33
3 49629 49404 49043 31
3 48847 48690 48532 33
3 48495 48331 48292 33
3 48223 48197 48150 35
3 48004 47982 47871 33
3 47685 47265 47061 35
3 47014 46753 46658 37
3 46610 46469 46194 34
3 46102 46031 46009 34
3 45971 45954 45336 33
3 45299 45284 45096 32
3 44976 44629 44550 32
3 44488 44355 44291 36
3 44058 43942 43919 34
3 43915 43876 43818 29
3 43783 43585 43546 37
3 43521 42839 42789 31
3 42682 42568 42492 33
3 42375 42350 42204 38
3 42091 41705 41511 33
3 41191 41128 40924 32
3 40917 40801 40772 33
3 40615 40574 40321 34
3 40246 40036 39967 34
3 39920 39802 39801 36
3 39748 39716 39445 32
3 39312 39284 39146 38
3 38963 38921 38150 36
3 38103 38093 38037 33
3 37902 37855 37789 33
3 37730 37718 37555 33
3 36749 36700 36632 34
3 36385 36332 36293 36
3 36257 36200 36048 34
3 36044 35892 35838 33
3 35627 35557 35425 33
3 35153 34991 34908 34
3 34874 34831 34768 33
3 34760 34722 34336 35
3 34196 34170 34120 34
3 33993 33967 33862 34
3 33809 33630 33329 33
3 33302 33251 32939 35
3 32880 32802 32619 35
3 32469 31921 31863 35
3 31855 31718 31710 33
3 31696 31574 31546 34
3 31409 31400 31249 34
3 31151 31108 31103 34
3 30735 30630 30626 31
3 30617 30495 30067 33
3 29809 29755 29733 35
3 29721 29628 29591 36
3 29578 29451 29408 34
3 29114 28907 28860 34
3 28452 28389 28182 33
3 28019 27861 27775 34
3 27387 27338 27270 31
3 27249 27213 27191 34
3 27162 27159 27142 34
3 26892 26566 26540 35
3 26536 26444 26408 34
3 26371 26185 25678 33
3 25648 25552 25529 34
3 25263 25205 25090 32
3 24810 24800 24529 34
3 24406 24339 24231 34
3 23919 23788 23699 35
3 23682 23372 23241 33
3 23205 23147 23002 34
3 22753 22605 22543 33
3 22279 22113 22089 35
3 21766 21068 21018 32
3 20959 20911 20832 36
3 20552 20509 20497 32
3 20434 20367 20301 38
3 20283 20277 20069 31
3 19883 19517 19457 33
3 19273 18985 18947 36
3 18920 18793 18562 30
3 18345 18151 18128 32
3 18068 17780 17708 34
3 17582 17529 17284 34
3 17146 17069 17041 37
3 16975 16743 16718 32
3 15931 15612 15496 36
3 15460 15378 15297 31
3 15059 15043 14938 33
3 14764 14557 14064 33
3 13859 13716 13683 32
3 13552 13469 13330 35
3 13259 13094 13036 32
3 12988 12775 12736 33
3 12645 12478 12305 36
3 12138 12010 11875 36
3 11787 11745 11713 32
3 11598 11275 11129 34
3 10983 10897 10834 37
3 10588 10558 10518 33
3 10478 10305 10174 34
3 10124 10009 9963 33
3 9712 9544 9491 35
3 9368 9083 9027 32
3 8915 8699 8674 32
3 8542 8375 8317 35
3 8237 8179 7890 32
3 7554 7478 7204 32
3 7138 6967 6957 35
3 6919 6716 6622 34
3 6549 6508 6377 38
3 6376 6365 6346 35
3 6262 6219 6198 35
3 6131 6120 5967 34
3 5606 5563 5549 35
3 5509 5276 5184 35
3 5119 5063 5051 34
3 4976 4933 4635 35
3 4511 4368 4295 32
3 4142 4098 4087 33
3 4043 4004 3954 37
3 3918 3909 3888 36
3 3794 3602 3478 38
3 3359 3242 2810 34
3 2732 2621 2520 33
3 2175 1932 1521 35
3 1497 1382 1257 31
3 1234 910 878 36
3 876 735 671 34
3 528 454 344 34
3 225 99995 99885 31
3 99875 99826 99696 28
3 99687 99663 99649 32
3 99620 99527 99400 30
3 99264 99125 99095 33
3 99088 98930 98808 34
3 98449 98034 97999 31
3 97776 97458 97352 31
3 97201 97174 97112 32
3 97024 96951 96923 35
3 96775 96737 96613 33
3 96517 96478 96333 32
3 96303 95737 95354 33
3 95340 95290 95241 32
3 95081 95076 94895 32
3 94822 94723 94660 34
3 94618 94477 94474 27
3 94464 94296 94290 33
3 93898 93714 93315 31
3 93120 93033 93015 34
3 92914 92861 92843 33
3 92795 92759 92679 31
3 92589 92383 92333 34
3 92283 91894 91891 30
3 91839 91815 91793 32
3 91667 91634 91511 32
3 91493 91282 91247 31
3 91095 90985 90887 34
3 90836 90826 90575 30
3 90574 90476 90430 32
3 90372 90365 90317 31
3 90294 90219 90198 32
3 90197 90177 90168 33
3 90136 89831 89811 32
3 89768 89740 89715 32
3 89488 89416 89219 33
3 89149 89147 89099 31
3 88995 88870 88705 32
3 88631 88619 88562 32
3 88519 88407 88392 31
3 88167 88052 87949 32
3 87852 87845 87791 31
3 87728 87700 87540 31
3 87148 87078 86969 32
3 86901 86877 86859 33
3 86855 86853 86711 32
3 86703 86522 86428 32
3 86183 86148 86139 31
3 86097 86079 85921 31
3 85881 85806 85804 32
3 85751 85745 85501 35
3 85482 85371 85331 34
3 85264 85113 84867 28
3 84861 84585 84376 32
3 84337 84270 84245 32
3 84113 84025 83939 32
3 83908 83899 83724 30
3 83656 83551 83360 33
3 83310 83160 83114 32
3 83045 83021 82794 32
3 82760 82708 82635 34
3 82567 82459 82436 31
3 82329 82327 82033 31
3 81776 81703 81686 35
3 81541 81392 81213 33
3 81183 80893 80885 32
3 80874 80319 80305 31
3 80233 80073 79965 33
3 79932 79872 79863 32
3 79601 79507 79457 31
3 79410 79395 79378 33
3 79326 79302 79286 29
3 79250 79071 78822 32
3 78767 78652 78604 32
3 78589 78328 78198 33
3 78116 78111 77998 33
3 77929 77660 77628 33
3 77547 77542 77499 32
3 77471 77406 77061 32
3 76930 76921 76870 34
3 76867 76805 76681 29
3 76611 76531 76514 33
3 76505 76504 76212 34
3 76149 76085 75931 33
3 75901 75890 75884 34
3 75842 75840 75835 30
3 75767 75724 75694 32
3 75652 75648 75321 34
3 75032 74883 74715 34
3 74691 74612 74554 32
3 74460 74367 74297 31
3 74264 74259 74232 33
3 74185 74072 73988 32
3 73934 73923 73893 33
3 73891 73804 73748 34
3 73695 73685 73682 33
3 73585 73489 73444 28
3 73440 73320 73244 29
3 73101 72959 72872 35
3 72838 72786 72721 31
3 72498 72440 72345 33
3 72228 72225 72209 31
3 72136 72087 72028 33
3 71881 71872 71795 31
3 71766 71689 71620 32
3 71552 71390 71361 31
3 71354 71298 71258 35
3 71215 71193 71020 31
3 70967 70962 70952 33
3 70779 70573 70519 33
3 70492 70303 70242 32
3 70177 70141 69967 30
3 69911 69858 69777 29
3 69759 69730 69691 35
3 69646 69256 69084 32
3 69026 69005 68883 33
3 68825 68821 68683 30
3 68652 68627 68464 32
3 68457 68101 67965 32
3 67807 67559 67543 31
3 67466 67298 67269 31
3 67051 66795 66676 32
3 66528 66471 66248 31
3 66240 65977 65631 33
3 65462 65339 65284 31
3 65273 65191 65186 32
3 65152 65046 65042 32
3 65003 64926 64925 33
3 64594 64582 64318 33
3 64296 64199 64153 31
3 64013 63950 63827 28
3 63671 63581 63554 33
3 63427 63350 63293 33
3 63268 63212 63205 31
3 63204 63203 63180 32
3 63063 63048 63005 33
3 62787 62781 62635 32
3 62338 61983 61874 31
3 61803 61762 61686 32
3 61531 61483 61264 31
3 61158 61151 61148 28
3 61125 61110 61095 30
3 60972 60962 60941 32
3 60923 60849 60837 33
3 60798 60629 60554 32
3 60547 60426 60277 32
3 60201 60163 60155 31
3 60108 60052 59737 34
3 59592 59444 59195 33
3 59137 59025 59010 30
3 58924 58914 58913 33
3 58713 58663 58661 32
3 58591 58554 58476 32
3 58464 58355 58215 31
3 58214 58213 58188 32
3 58057 58000 57794 34
3 57664 57652 57542 32
3 57400 57336 57293 32
3 57277 57121 57098 31
3 57057 56909 56903 32
3 56881 56860 56782 34
3 56482 56471 56179 28
3 56164 55875 55814 31
3 55813 55803 55673 33
3 55538 55303 55219 32
3 55168 55010 54977 32
3 54963 54742 54665 31
3 54467 54361 54115 34
3 54026 53810 53674 33
3 53457 53393 53116 34
3 53021 52901 52900 29
3 52835 52775 52723 33
3 52377 52362 52360 32
3 52332 52290 52139 31
3 52135 52107 51817 33
3 51716 51683 51573 33
3 51434 51430 51372 31
3 51141 50899 50875 32
3 50841 50817 50602 33
3 50599 50575 50294 31
3 50222 50153 50112 34
3 49972 49716 49686 33
3 49622 49576 49564 32
3 49410 49279 49277 28
3 49257 49164 49054 32
3 48762 48633 48534 30
3 48480 48383 48080 31
3 48068 48060 48057 30
3 47868 47712 47660 33
3 47529 47158 47105 33
3 47024 46975 46965 35
3 46944 46794 46786 32
3 46701 46555 46533 35
3 46447 46327 45916 31
3 45907 45899 45700 33
3 45679 45658 45522 32
3 45425 45243 45187 32
3 44891 44677 44507 30
3 44397 44396 44382 30
3 44362 44304 44303 32
3 44296 44278 44227 32
3 44223 44208 44186 32
3 44110 44096 43927 33
3 43806 43671 43612 29
3 43601 43532 43406 31
3 43400 43379 43322 31
3 43291 43096 43092 31
3 42964 42618 42587 31
3 42571 42502 42487 33
3 42306 42261 42081 33
3 42014 41990 41954 35
3 41656 41600 41598 33
3 41540 41519 41507 30
3 41493 41490 41429 31
3 41363 41314 41291 31
3 41226 41196 41165 32
3 41164 40985 40960 32
3 40950 40880 40873 30
3 40787 40753 40569 30
3 40565 40546 40545 30
3 40467 40413 40355 32
3 40308 40260 40255 32
3 40027 39903 39847 33
3 39560 38557 38528 31
3 38034 38032 37844 34
3 37748 37463 37408 33
3 37327 37255 37184 32
3 37151 37004 36966 32
3 36784 36748 36648 30
3 36473 36469 36433 35
3 36386 36379 36313 32
3 35853 35834 35828 29
3 35783 35726 35384 33
3 35345 35342 35132 30
3 35000 34927 34825 30
3 34738 34667 34393 31
3 34275 34043 33995 32
3 33687 33663 33635 27
3 33581 33552 33544 35
3 33353 33305 33299 31
3 33174 33103 33047 33
3 32794 32782 32744 30
3 32661 32571 32272 32
3 31885 31869 31801 34
3 31759 31750 31730 32
3 31639 31623 31521 33
3 31451 31445 31325 33
3 31323 31254 31244 32
3 31213 31134 31077 31
3 31069 30951 30941 33
3 30671 30660 30642 32
3 30598 30263 29951 36
3 29792 29592 29402 28
3 29305 29303 29104 33
3 29069 28870 28816 33
3 28655 28475 28470 30
3 28396 28365 28325 32
3 28286 28103 28088 33
3 28056 27927 27926 29
3 27819 27755 27748 33
3 27697 27675 27653 33
3 27487 27441 27434 33
3 27421 27406 27372 30
3 27188 27035 26964 29
3 26898 26663 26647 34
3 26520 26469 26431 29
3 26379 26346 26341 32
3 26320 26280 26222 30
3 26134 26103 26030 35
3 25850 25843 25809 32
3 25745 25577 25543 32
3 25521 25453 25437 31
3 25433 25389 25280 30
3 25141 25015 24855 31
3 24779 24770 24702 33
3 24692 24651 24608 31
3 24587 24509 24483 33
3 24334 24307 24242 29
3 24163 24141 24058 34
3 23967 23947 23764 30
3 23744 23740 23677 31
3 23670 23662 23145 30
3 23116 23114 22946 32
3 22882 22734 22729 33
3 22519 22516 22400 32
3 22290 22195 22141 31
3 22085 21880 21805 31
3 21773 21765 21369 34
3 21274 21202 21052 34
3 20984 20789 20724 33
3 20474 20316 20258 32
3 20161 20110 19989 32
3 19937 19935 19895 33
3 19681 19647 19573 30
3 19459 19394 19321 33
3 19187 19172 19044 32
3 18879 18821 18713 34
3 18587 18525 18371 32
3 18217 18096 17972 33
3 17938 17763 17744 34
3 17719 17494 17484 32
3 17409 17403 17347 31
3 17272 17244 17208 32
3 17111 17060 16992 32
3 16863 16835 16754 35
3 16751 16622 16578 34
3 16312 16142 15620 32
3 15591 15411 15339 33
3 15302 15247 15179 32
3 15158 15112 14962 35
3 14946 14936 14826 35
3 14706 14631 14627 31
3 14395 14301 14280 30
3 14275 14156 14113 32
3 14109 14065 13917 32
3 13821 13694 13637 34
3 13533 13341 13253 32
3 13249 13184 13124 30
3 13105 12629 12353 32
3 12323 12263 12221 31
3 11887 11872 11696 32
3 11684 11596 11518 33
3 11407 11107 11099 30
3 11045 11006 10630 33
3 10610 10607 10577 32
3 10557 10180 10063 29
3 9922 9844 9800 32
3 9752 9719 9665 34
3 9568 9473 9454 30
3 9103 9025 8989 30
3 8545 8446 8292 32
3 8080 8068 7923 31
3 7832 7308 7276 30
3 6955 6923 6717 32
3 6639 6447 6431 31
3 6394 6326 6247 32
3 6244 6163 6139 30
3 6134 5842 5806 33
3 5760 5738 5634 32
3 5507 5448 5401 30
3 5379 5359 5355 33
3 5090 5007 4979 33
3 4928 4739 4621 31
3 4273 4230 4110 33
3 4042 3972 3907 29
3 3891 3825 3767 32
3 3548 3437 3387 32
3 3379 3081 2927 31
3 2904 2817 2783 31
3 2756 2543 2530 31
3 2456 2403 2374 34
3 2336 2312 2266 29
3 2136 1970 1946 33
3 1940 1869 1867 30
3 1863 1793 1729 32
3 1481 1327 1306 33
3 1128 939 890 30
3 864 378 283 29
3 223 153 108 32
3 107 99946 99942 31
3 99934 99891 99788 28
3 99754 99554 99537 26
3 99373 99334 99182 28
3 99163 99150 98978 32
3 98918 98909 98879 29
3 98852 98849 98732 28
3 98708 98650 98502 29
3 98419 98417 98393 28
3 98337 98329 98299 30
3 98002 97946 97715 28
3 97708 97428 97408 32
3 97238 97193 97138 33
3 97119 97047 97035 30
3 97007 96973 96935 32
3 96822 96791 96740 33
3 96727 96634 96540 29
3 96406 96374 96133 31
3 96095 96084 95892 29
3 95884 95711 95477 27
3 95468 95460 95348 30
3 95253 95206 95205 28
3 95077 95039 95038 29
3 94892 94877 94852 27
3 94670 94520 94488 30
3 94423 94386 94334 28
3 94292 94263 94252 28
3 94082 94072 94050 30
3 94016 94014 93992 28
3 93869 93839 93823 30
3 93564 93533 93423 30
3 93331 93298 93293 31
3 93166 93136 93125 30
3 93059 92975 92803 28
3 92659 92557 92544 28
3 92529 92496 92451 28
3 92425 92332 92298 31
3 92267 91923 91786 30
3 91714 91701 91650 29
3 91523 91469 91413 29
3 91257 91159 90943 29
3 90896 90803 90788 29
3 90732 90726 90658 29
3 90569 90555 90530 28
3 90478 90418 90394 27
3 90304 90108 90106 30
3 90051 90010 89921 29
3 89910 89760 89712 30
3 89686 89612 89507 30
3 89483 89468 89450 31
3 89334 89320 89280 29
3 89244 89224 89162 29
3 89158 89093 89089 31
3 89022 88897 88808 28
3 88695 88646 88438 26
3 88379 88249 88199 27
3 88068 88012 88004 30
3 87910 87565 87544 31
3 87482 87258 87131 29
3 87086 87059 87039 30
3 87022 86923 86902 30
3 86895 86686 86511 30
3 86458 86382 86323 28
3 86321 86220 86016 31
3 85962 85954 85951 30
3 85926 85897 85798 31
3 85779 85778 85733 27
3 85664 85544 85454 32
3 85414 85399 85341 32
3 85131 85121 85090 30
3 85012 84927 84741 29
3 84706 84700 84416 29
3 84342 84329 84294 28
3 84226 84149 84108 30
3 84060 83966 83950 32
3 83890 83851 83849 29
3 83692 83683 83442 30
3 83414 83386 83244 30
3 83235 83068 83013 28
3 82946 82901 82895 30
3 82873 82855 82722 31
3 82709 82553 82528 29
3 82340 81907 81719 31
3 81672 81399 81387 31
3 81368 81282 80762 31
3 80740 80653 80554 30
3 80520 80380 80360 30
3 80280 80201 80165 29
3 80154 80097 80077 29
3 79795 79746 79714 31
3 79709 79699 79554 29
3 79500 79466 79451 26
3 79301 79276 79255 28
3 79245 79176 79051 29
3 79047 78972 78917 31
3 78915 78896 78669 28
3 78607 78573 78425 30
3 78421 78412 78016 28
3 78010 77970 77867 27
3 77860 77771 77770 29
3 77749 77740 77692 33
3 77545 77533 77520 33
3 77356 77332 77330 27
3 77328 77236 77230 30
3 77215 77207 77110 30
3 77020 76995 76924 30
3 76902 76816 76771 26
3 76700 76491 76366 30
3 76318 76254 76249 29
3 76127 76075 75880 30
3 75870 75458 75398 28
3 75289 75115 75081 32
3 75008 74971 74950 28
3 74810 74661 74433 30
3 74294 74198 74139 28
3 74075 74055 73930 30
3 73854 73829 73817 29
3 73611 73590 73565 29
3 73552 73546 73449 31
3 73321 73239 73119 29
3 73118 72990 72947 32
3 72923 72920 72864 28
3 72836 72751 72542 30
3 72524 72422 72398 31
3 72307 72284 72283 30
3 72274 72190 72127 31
3 72110 72048 71919 30
3 71901 71887 71858 29
3 71837 71737 71637 29
3 71506 71347 71288 32
3 71220 71163 71062 31
3 71054 70924 70818 31
3 70495 70433 70430 32
3 70310 70288 70157 29
3 70065 70036 69986 32
3 69976 69959 69919 33
3 69776 69594 69555 30
3 69494 69438 69248 30
3 69216 69184 69091 31
3 69029 68976 68974 31
3 68839 68723 68704 29
3 68657 68551 68526 27
3 68472 68405 68376 30
3 68247 68215 68208 30
3 68186 68161 68046 28
3 68013 68011 67995 28
3 67959 67932 67902 31
3 67829 67820 67810 31
3 67770 67653 67389 28
3 67335 67244 67013 31
3 66981 66940 66928 29
3 66833 66830 66812 27
3 66770 66653 66582 31
3 66398 66344 66306 30
3 66225 66174 66120 29
3 66053 65910 65698 30
3 65685 65643 65577 29
3 65554 65523 65503 30
3 65489 65450 65409 31
3 65313 65208 65106 30
3 65018 64948 64937 28
3 64851 64795 64750 29
3 64733 64569 64387 31
3 64348 64259 64155 31
3 64137 64068 63880 31
3 63788 63766 63593 31
3 63579 63318 63297 30
3 63264 63201 63158 30
3 63145 63101 63097 32
3 63017 62996 62941 30
3 62885 62879 62794 26
3 62485 62454 62331 29
3 62242 62217 62216 28
3 62190 62156 62106 29
3 61897 61749 61619 29
3 61564 61518 61501 33
3 61278 61170 61150 28
3 61127 61050 61002 28
3 60628 60581 60504 25
3 60268 60245 60180 31
3 60160 60158 60157 27
3 60097 60058 59788 30
3 59751 59731 59672 31
3 59500 59497 59377 30
3 59368 59323 59285 31
3 59244 59202 59093 30
3 59060 58943 58865 30
3 58750 58693 58647 30
3 58316 58180 58071 31
3 58021 57912 57845 30
3 57837 57831 57763 28
3 57669 57593 57515 31
3 57481 57418 57148 28
3 57131 57122 57020 29
3 56992 56795 56760 29
3 56714 56674 56522 31
3 56262 56243 56195 31
3 56189 55995 55958 29
3 55890 55836 55800 30
3 55764 55729 55680 31
3 55662 55651 55506 27
3 55502 55474 55345 29
3 55342 55260 55199 30
3 55028 54996 54818 31
3 54767 54711 54647 31
3 54607 54565 54452 31
3 54451 54405 54393 29
3 54358 54341 54227 31
3 54129 54074 54000 29
3 53900 53801 53728 28
3 53664 53639 53390 29
3 53385 53264 53230 30
3 53154 53056 52993 29
3 52871 52832 52485 26
3 52462 52438 52406 28
3 52383 52359 52358 30
3 52256 52241 52201 32
3 52092 51991 51975 30
3 51827 51798 51758 31
3 51742 51725 51635 30
3 51541 51493 51466 31
3 51125 51107 51101 31
3 51048 51024 51003 28
3 50989 50852 50736 31
3 50620 50607 50579 27
3 50568 50469 50355 31
3 50297 50035 49898 30
3 49860 49762 49744 31
3 49657 49613 49578 30
3 49507 49506 49368 32
3 49296 49240 49067 27
3 49044 49025 49009 29
3 48875 48850 48745 29
3 48688 48606 48589 30
3 48359 48306 48247 28
3 47917 47901 47819 30
3 47536 47472 47400 30
3 47351 47341 47321 30
3 47231 47104 47085 32
3 47081 46943 46906 32
3 46677 46602 46575 30
3 46538 46520 46376 31
3 46287 46255 46238 30
3 46099 46073 46006 28
3 45965 45964 45960 29
3 45915 45911 45901 30
3 45851 45821 45776 29
3 45729 45717 45688 31
3 45687 45670 45651 31
3 45632 45546 45366 31
3 45288 45226 45181 30
3 45164 45067 44906 31
3 44870 44791 44744 31
3 44735 44653 44644 31
3 44625 44522 44467 31
3 44381 44326 44246 29
3 44161 44033 44030 28
3 44010 43996 43911 28
3 43867 43653 43628 33
3 43606 43494 43481 29
3 43414 43308 43074 30
3 43068 42858 42731 30
3 42698 42566 42419 33
3 42395 42357 42201 29
3 42074 41952 41931 31
3 41918 41914 41897 30
3 41798 41739 41711 30
3 41456 40865 40809 30
3 40792 40594 40494 30
3 40460 40370 40357 32
3 40262 40235 40233 31
3 40154 40085 40076 32
3 40073 40035 40026 30
3 40002 39898 39857 29
3 39850 39703 39626 30
3 39517 39497 39489 31
3 39407 39405 39373 29
3 39346 39248 39116 30
3 38967 38952 38897 30
3 38821 38761 38760 29
3 38758 38686 38684 28
3 38671 38390 38377 33
3 38288 38281 38172 32
3 38106 38082 37854 31
3 37668 37566 37558 31
3 37527 37481 37474 31
3 37400 37352 37319 28
3 37281 37280 37273 32
3 37192 37118 37094 30
3 37089 37080 37022 29
3 36981 36975 36925 31
3 36879 36753 36692 31
3 36610 36590 36573 27
3 36566 36499 36489 27
3 36449 36347 36287 30
3 36225 36032 35845 31
3 35760 35672 35482 30
3 35468 35385 35363 31
3 35320 35066 34937 32
3 34926 34900 34777 30
3 34731 34690 34663 28
3 34425 34262 34183 30
3 34115 33929 33843 28
3 33817 33578 33561 32
3 33387 33344 33333 30
3 33264 33192 33151 28
3 33070 33030 32962 30
3 32957 32837 32826 30
3 32811 32737 32663 29
3 32589 32503 32460 29
3 32287 32061 32021 28
3 31606 31542 31200 31
3 31140 31138 31125 31
3 30988 30980 30967 31
3 30824 30483 30321 29
3 30154 30032 29948 29
3 29847 29819 29745 28
3 29723 29695 29686 27
3 29658 29530 29321 30
3 29153 29038 29020 28
3 29010 28973 28895 32
3 28633 28559 28530 28
3 28483 28453 28399 30
3 28395 28393 28364 29
3 28234 28126 27909 32
3 27716 27586 27573 28
3 27493 27484 27357 30
3 27271 27266 27230 31
3 27214 27092 27082 29
3 27074 27056 27033 30
3 26843 26793 26792 30
3 26753 26748 26699 32
3 26646 26636 26511 30
3 26442 26438 26263 31
3 26041 25957 25937 28
3 25906 25787 25721 30
3 25650 25621 25609 31
3 25585 25511 25490 25
3 25380 25359 25238 31
3 25235 25194 25155 30
3 25136 25109 25074 31
3 24897 24895 24783 30
3 24711 24699 24640 29
3 24636 24452 24402 28
3 24391 24377 24324 26
3 24121 23950 23903 30
3 23851 23850 23836 32
3 23674 23621 23484 29
3 23465 23377 23288 29
3 23177 23087 22987 29
3 22973 22956 22906 32
3 22891 22799 22591 30
3 22552 22510 22503 27
3 22408 22399 22250 31
3 22147 22106 22017 29
3 21869 21851 21636 30
3 21586 21506 21405 32
3 21384 21258 21222 32
3 21185 21083 20860 30
3 20542 20478 20446 30
3 20404 20297 20295 29
3 20286 20217 20195 32
3 20037 19928 19861 27
3 19824 19718 19630 29
3 19628 19581 19543 27
3 19489 19412 19277 30
3 19161 19058 19019 31
3 18869 18845 18843 32
3 18760 18715 18670 30
3 18650 18477 18282 32
3 18043 18027 17933 30
3 17832 17783 17689 29
3 17608 17562 17548 25
3 17538 17513 17507 29
3 17498 17437 17390 33
3 17227 17218 17033 28
3 17020 16990 16956 31
3 16915 16902 16890 29
3 16789 16682 16654 28
3 16626 16410 16368 31
3 16232 16220 16158 30
3 16040 16036 15979 29
3 15871 15767 15709 29
3 15646 15543 15540 29
3 15531 15528 15435 29
3 15395 15392 15268 29
3 15226 15183 15114 26
3 15093 15067 15016 29
3 14859 14833 14829 29
3 14773 14769 14670 29
3 14658 14636 14609 27
3 14552 14529 14473 29
3 14388 14307 14237 30
3 14192 14080 14008 31
3 13988 13869 13768 30
3 13587 13571 13558 30
3 13517 13418 13403 28
3 13391 13380 13228 27
3 13173 13170 13052 30
3 12956 12905 12756 30
3 12721 12663 12652 29
3 12563 12560 12490 30
3 12427 12302 12293 32
3 12279 12255 12250 29
3 12246 12220 12142 29
3 12094 12083 12009 28
3 11860 11848 11565 29
3 11431 11350 11247 30
3 11175 11154 11070 29
3 11002 10761 10652 29
3 10649 10622 10589 29
3 10567 10498 10439 30
3 10149 10100 10065 28
3 9937 9931 9715 27
3 9631 9579 9576 28
3 9545 9434 9405 30
3 9284 9177 8909 30
3 8898 8835 8724 31
3 8515 8382 8372 30
3 8305 8244 8135 31
3 8040 8006 7915 29
3 7891 7725 7721 29
3 7556 7551 7547 31
3 7528 7335 7328 28
3 7258 7230 7170 26
3 7150 7125 6929 31
3 6914 6902 6843 32
3 6756 6628 6356 29
3 6345 6241 6165 28
3 6137 6001 5971 27
3 5888 5879 5652 28
3 5621 5473 5460 27
3 5445 5388 5311 30
3 5240 5129 5088 29
3 5087 5033 4972 26
3 4941 4908 4801 28
3 4763 4717 4683 32
3 4616 4582 4553 29
3 4538 4472 4467 28
3 4304 4279 4067 31
3 4039 3822 3782 32
3 3768 3738 3557 31
3 3411 3331 3303 30
3 3234 3075 2942 29
3 2885 2561 2515 28
3 2455 2416 2391 28
3 2357 2211 2189 30
3 2186 2036 1939 29
3 1894 1830 1813 32
3 1666 1431 1333 29
3 1322 1238 1232 29
3 1229 1131 1086 30
3 1057 1007 960 29
3 902 831 655 31
3 506 505 415 32
3 397 381 273 33
3 272 257 115 31
3 31 99894 99869 27
3 99855 99777 99776 29
3 99674 99646 99631 28
3 99613 99503 99324 27
3 99299 99263 99222 27
3 99214 99202 99148 28
3 99144 99131 98984 25
3 98965 98963 98927 25
3 98758 98754 98739 28
3 98692 98637 98609 27
3 98570 98568 98459 26
3 98275 98266 98219 27
3 98092 98085 98079 27
3 98024 97988 97953 28
3 97859 97663 97612 27
3 97582 97526 97513 28
3 97468 97444 97438 27
3 97424 97359 97336 25
3 97332 97244 97213 25
3 97182 97141 97132 27
3 97063 97052 96972 28
3 96970 96858 96799 27
3 96730 96632 96585 26
3 96542 96530 96520 27
3 96437 96414 96388 28
3 96387 96367 96328 28
3 96157 96081 96056 28
3 96022 96006 95948 28
3 95857 95690 95688 27
3 95657 95656 95621 26
3 95594 95504 95462 28
3 95385 95384 95250 29
3 95223 95220 95085 25
3 95008 94875 94777 26
3 94698 94661 94656 27
3 94602 94566 94547 28
3 94502 94431 94356 28
3 94327 94203 94158 26
3 94113 94059 94045 26
3 94031 93890 93827 28
3 93782 93769 93733 26
3 93693 93689 93653 27
3 93617 93495 93442 29
3 93373 93359 93192 26
3 93131 93109 93034 27
3 93010 92961 92920 24
3 92753 92735 92691 28
3 92687 92612 92611 28
3 92592 92517 92445 28
3 92422 92360 92205 29
3 92060 91980 91925 29
3 91757 91738 91705 26
3 91696 91689 91686 26
3 91628 91578 91565 26
3 91508 91434 91368 26
3 91343 91314 91262 29
3 91227 91184 91155 30
3 91128 91058 91019 25
3 91003 90997 90971 29
3 90818 90740 90736 27
3 90634 90612 90526 29
3 90387 90351 90338 26
3 90329 90321 90311 30
3 90159 90109 90102 26
3 89940 89896 89848 27
3 89824 89669 89463 28
3 89175 89119 88944 24
3 88821 88794 88790 25
3 88787 88716 88525 26
3 88483 88482 88463 26
3 88445 88386 88384 23
3 88293 88268 88214 28
3 88194 88185 88169 29
3 88161 88146 88110 25
3 88055 87922 87904 29
3 87799 87766 87668 26
3 87608 87457 87413 29
3 87411 87386 87245 25
3 87216 87053 87041 28
3 86954 86940 86908 28
3 86858 86832 86803 28
3 86737 86696 86627 27
3 86508 86472 86438 27
3 86399 86394 86346 26
3 86345 86269 86259 26
3 86241 86152 86125 28
3 86037 86007 85982 28
3 85911 85753 85569 26
3 85498 85494 85489 23
3 85460 85459 85448 26
3 85434 85333 85312 28
3 85274 85250 85161 26
3 85024 85009 84959 26
3 84952 84950 84918 27
3 84897 84882 84835 26
3 84702 84687 84653 28
3 84572 84550 84442 26
3 84438 84417 84369 27
3 84328 84316 84308 29
3 84234 84170 84161 28
3 84072 84055 83991 25
3 83972 83891 83853 28
3 83779 83634 83604 27
3 83562 83549 83511 26
3 83480 83407 83271 26
3 83238 83197 83171 29
3 83097 83060 83027 25
3 82989 82979 82944 28
3 82850 82844 82719 26
3 82706 82702 82666 27
3 82643 82514 82447 29
3 82289 82211 82119 28
3 82058 81951 81884 27
3 81838 81810 81748 27
3 81726 81715 81693 24
3 81478 81356 81179 27
3 81140 81114 81110 26
3 81075 81008 80968 28
3 80945 80884 80864 30
3 80838 80661 80651 25
3 80477 80358 80339 27
3 80223 79972 79964 28
3 79958 79938 79886 28
3 79776 79772 79697 27
3 79493 79472 79468 29
3 79415 79246 79225 27
3 79205 79186 79185 27
3 79057 79037 79007 26
3 78914 78865 78698 29
3 78640 78595 78540 26
3 78526 78458 78437 25
3 78414 78365 78356 28
3 78225 78216 78214 29
3 78145 77982 77979 26
3 77963 77891 77844 28
3 77751 77745 77737 26
3 77684 77670 77585 25
3 77570 77501 77433 27
3 77405 77360 77322 26
3 77301 77263 77252 29
3 77237 77177 77043 30
3 76927 76829 76758 25
3 76648 76645 76634 28
3 76613 76602 76540 27
3 76411 76404 76332 27
3 76292 76237 76236 27
3 76171 76122 76117 28
3 76102 76061 76056 24
3 76001 75972 75934 27
3 75899 75869 75848 28
3 75839 75831 75802 27
3 75728 75651 75603 26
3 75592 75543 75464 29
3 75441 75396 75277 27
3 75215 75205 75172 28
3 75125 75118 75067 29
3 75033 74943 74893 26
3 74840 74697 74377 27
3 74354 74284 74245 27
3 74190 73985 73955 27
3 73700 73676 73484 27
3 73409 73245 73180 29
3 73098 73058 72969 27
3 72963 72940 72912 25
3 72884 72842 72745 25
3 72743 72708 72672 29
3 72655 72582 72570 26
3 72526 72412 72362 27
3 72330 72285 72239 27
3 72224 72166 72039 26
3 72006 72005 71967 25
3 71966 71842 71812 26
3 71797 71704 71697 26
3 71635 71574 71525 28
3 71504 71462 71443 26
3 71435 71376 71344 29
3 71307 71301 71292 25
3 71257 71191 71056 26
3 71034 71030 71029 24
3 70987 70981 70960 27
3 70926 70868 70835 25
3 70788 70601 70594 27
3 70553 70453 70398 26
3 70381 70336 70297 28
3 70281 70271 70205 25
3 70164 70126 70114 27
3 70015 70003 69985 27
3 69762 69761 69711 27
3 69601 69563 69454 26
3 69453 69426 69422 28
3 69377 69369 69266 28
3 69231 68953 68871 26
3 68838 68814 68653 26
3 68646 68544 68541 28
3 68530 68493 68469 26
3 68436 68402 68350 25
3 68339 68278 68128 23
3 68106 68094 68071 27
3 68055 67976 67957 27
3 67892 67865 67798 27
3 67694 67684 67682 25
3 67621 67486 67318 29
3 67239 67082 66867 27
3 66847 66823 66819 28
3 66627 66578 66405 26
3 66393 66349 66333 28
3 66324 66268 66168 27
3 66122 66040 66026 28
3 66017 65891 65857 28
3 65809 65765 65709 29
3 65648 65615 65611 26
3 65437 65413 65398 26
3 65270 65230 65156 27
3 65105 65037 64930 28
3 64789 64784 64746 26
3 64585 64581 64514 26
3 64496 64490 64344 28
3 64322 64182 64104 29
3 63911 63789 63626 27
3 63604 63400 63253 27
3 63238 63200 63172 25
3 63144 63142 63086 26
3 63078 63053 63046 29
3 62974 62969 62968 28
3 62841 62745 62551 26
3 62495 62451 62444 29
3 62263 62261 62196 28
3 62107 62077 62009 26
3 61861 61850 61816 28
3 61779 61712 61691 29
3 61572 61490 61456 27
3 61444 61357 61320 28
3 61280 61117 61113 28
3 61098 61083 61069 27
3 60995 60953 60940 25
3 60921 60851 60786 28
3 60739 60717 60669 30
3 60660 60631 60594 29
3 60531 60522 60515 29
3 60480 60467 60462 26
3 60449 60416 60409 29
3 60345 60211 60206 24
3 60138 60119 60116 26
3 60078 59977 59900 29
3 59815 59675 59660 29
3 59648 59410 59315 30
3 59314 59241 59139 26
3 59071 59005 58903 28
3 58878 58871 58850 26
3 58845 58843 58839 28
3 58836 58791 58730 25
3 58705 58704 58677 29
3 58656 58583 58566 29
3 58562 58561 58555 27
3 58516 58456 58378 29
3 58268 58232 58148 28
3 58106 58070 57898 25
3 57862 57826 57729 28
3 57700 57658 57640 27
3 57629 57624 57603 28
3 57561 57546 57541 25
3 57526 57483 57425 28
3 57407 57353 57339 27
3 57259 57212 57169 28
3 57128 57078 56821 29
3 56765 56745 56680 26
3 56582 56576 56550 28
3 56524 56503 56494 28
3 56381 56376 56344 30
3 56282 56264 56244 27
3 56240 56193 56126 29
3 56107 56106 56012 27
3 55816 55754 55666 28
3 55653 55633 55615 29
3 55598 55446 55429 28
3 55399 55367 55363 26
3 55358 55324 55298 25
3 55226 55096 55060 26
3 55015 54925 54890 27
3 54830 54720 54685 29
3 54649 54600 54579 28
3 54550 54444 54391 24
3 54362 54339 54337 29
3 54309 54215 54127 27
3 53989 53976 53975 26
3 53877 53844 53749 28
3 53742 53738 53656 26
3 53626 53532 53485 26
3 53469 53321 53206 26
3 53166 53071 53016 27
3 52867 52768 52763 27
3 52556 52501 52426 27
3 52422 52405 52365 26
3 52313 52309 52304 26
3 52217 51960 51955 28
3 51948 51945 51842 26
3 51815 51790 51789 26
3 51764 51751 51645 27
3 51626 51559 51557 29
3 51539 51527 51497 28
3 51479 51412 51365 25
3 51319 51216 51110 25
3 51084 50973 50895 26
3 50774 50742 50690 28
3 50678 50634 50608 28
3 50530 50447 50398 27
3 50349 50329 50300 24
3 50298 50261 50246 26
3 50175 50168 50151 27
3 50120 49913 49872 26
3 49753 49736 49573 25
3 49449 49432 49426 26
3 49423 49392 49327 27
3 49001 48960 48791 28
3 48770 48750 48683 30
3 48646 48612 48592 24
3 48581 48573 48544 28
3 48503 48403 48342 24
3 48318 48270 48265 28
3 48255 48236 48233 28
3 48231 48187 48141 25
3 48040 47979 47969 28
3 47960 47812 47776 26
3 47771 47762 47734 26
3 47721 47675 47636 27
3 47458 47391 47387 27
3 47373 47359 47300 24
3 47222 47209 47189 26
3 47110 47039 47006 27
3 46910 46885 46863 27
3 46802 46703 46596 29
3 46570 46561 46559 27
3 46554 46544 46534 24
3 46312 46240 46092 27
3 46025 46024 46007 28
3 45963 45931 45927 27
3 45890 45841 45835 26
3 45834 45824 45524 27
3 45507 45472 45422 28
3 45420 45376 45279 28
3 45232 45168 45103 27
3 45050 44986 44960 29
3 44872 44858 44748 25
3 44736 44666 44641 26
3 44583 44574 44518 27
3 44465 44447 44439 27
3 44428 44249 44241 27
3 44165 44150 44144 28
3 44109 44101 44100 27
3 44094 43962 43834 28
3 43823 43800 43736 26
3 43682 43660 43562 26
3 43539 43535 43417 28
3 43410 43387 43368 28
3 43364 43342 43330 30
3 43327 43302 43251 27
3 43161 43142 43103 29
3 43025 42950 42931 29
3 42861 42840 42830 26
3 42786 42755 42739 25
3 42738 42712 42697 24
3 42650 42646 42634 26
3 42616 42517 42506 26
3 42448 42443 42330 27
3 42321 42307 42264 29
3 42239 42193 42178 29
3 42141 42001 41997 27
3 41994 41975 41876 26
3 41845 41779 41772 27
3 41681 41603 41572 25
3 41561 41486 41403 27
3 41373 41352 41302 29
3 41132 40996 40974 26
3 40971 40934 40821 25
3 40807 40674 40490 25
3 40396 40364 40332 29
3 40297 40201 40093 27
3 40049 40022 39988 28
3 39904 39820 39814 26
3 39698 39541 39478 24
3 39160 39076 39064 28
3 39018 38960 38920 29
3 38888 38811 38796 27
3 38783 38779 38572 25
3 38447 38436 38404 25
3 38388 38379 38323 26
3 38266 38187 38155 27
3 38107 38084 38055 28
3 37982 37790 37781 25
3 37724 37714 37678 28
3 37636 37616 37599 27
3 37536 37509 37499 28
3 37498 37490 37473 28
3 37424 37342 37324 29
3 37206 37170 37031 28
3 36947 36943 36907 29
3 36903 36872 36845 27
3 36695 36544 36543 27
3 36542 36479 36399 28
3 36398 36262 36245 26
3 36183 36160 36115 28
3 36111 36093 36066 28
3 36016 35980 35950 28
3 35870 35740 35653 28
3 35544 35467 35398 26
3 35394 35315 35228 27
3 35224 35170 35168 28
3 35159 35117 35084 28
3 34950 34894 34814 25
3 34750 34684 34676 27
3 34570 34421 34323 24
3 34318 34269 34227 26
3 34158 34156 34013 25
3 33871 33856 33792 24
3 33791 33749 33724 27
3 33722 33588 33554 25
3 33512 33492 33403 27
3 33289 33239 33175 27
3 33122 33079 33052 28
3 32983 32954 32867 27
3 32714 32693 32495 28
3 32486 32443 32358 28
3 32203 32167 32111 27
3 31839 31819 31644 26
3 31628 31562 31560 27
3 31551 31543 31517 28
3 31498 31394 31312 27
3 31282 31267 31260 26
3 31205 31202 31169 28
3 31155 31149 31068 24
3 30919 30880 30870 23
3 30860 30804 30802 26
3 30771 30663 30584 25
3 30543 30353 30343 30
3 30329 30247 30227 25
3 30147 29958 29947 26
3 29933 29800 29779 27
3 29768 29711 29637 28
3 29617 29574 29572 28
3 29532 29447 29340 28
3 29285 29255 29169 27
3 29095 29057 28980 27
3 28941 28847 28738 27
3 28687 28641 28553 27
3 28523 28488 28451 29
3 28449 28429 28373 27
3 28371 28331 28326 25
3 28300 28288 28260 26
3 28255 28215 28165 27
3 28146 28129 28052 25
3 28042 28009 27893 26
3 27872 27862 27844 27
3 27827 27746 27687 25
3 27636 27482 27457 25
3 27234 27147 27120 27
3 27115 27081 27078 27
3 27026 26839 26837 27
3 26833 26769 26534 27
3 26526 26499 26401 26
3 26377 26316 26314 27
3 26269 26160 25980 26
3 25911 25900 25879 26
3 25803 25723 25700 26
3 25647 25630 25570 28
3 25547 25496 25483 26
3 25474 25470 25462 27
3 25456 25452 25438 29
3 25412 25350 25319 26
3 25260 25256 25127 23
3 25004 24999 24996 24
3 24975 24948 24920 26
3 24767 24638 24629 26
3 24590 24553 24495 27
3 24488 24437 24409 28
3 24300 24280 24164 27
3 24139 24093 24080 28
3 23908 23778 23742 26
3 23728 23636 23558 29
3 23396 23395 23386 26
3 23365 23317 23232 26
3 23185 23157 23152 26
3 23055 23011 23007 28
3 22925 22924 22755 29
3 22704 22690 22676 24
3 22631 22534 22530 24
3 22390 22370 22333 28
3 22306 22277 22248 28
3 22197 22186 22071 26
3 22064 22055 22007 30
3 21953 21775 21723 27
3 21698 21638 21619 28
3 21616 21593 21556 28
3 21502 21482 21420 27
3 21297 21187 21101 26
3 20952 20762 20713 28
3 20669 20622 20557 27
3 20471 20456 20416 27
3 20312 20222 20008 27
3 19986 19963 19960 26
3 19947 19894 19755 27
3 19677 19648 19625 27
3 19619 19589 19585 29
3 19569 19553 19473 29
3 19441 19375 19304 26
3 19284 19260 19148 26
3 19140 19125 19053 28
3 19010 18991 18942 24
3 18831 18790 18767 27
3 18732 18467 18446 25
3 18402 18338 18314 27
3 18255 18169 18153 29
3 18140 18058 18011 29
3 17911 17814 17707 24
3 17705 17702 17684 26
3 17675 17659 17644 24
3 17627 17609 17546 27
3 17410 17351 17311 28
3 17178 17159 17153 26
3 17082 17077 17062 27
3 17056 17009 16993 28
3 16908 16882 16861 27
3 16762 16715 16550 28
3 16522 16462 16459 25
3 16281 16125 16087 29
3 16077 16067 16051 29
3 15982 15970 15891 25
3 15821 15761 15741 24
3 15706 15686 15539 26
3 15512 15340 15262 28
3 15221 15148 15125 28
3 15095 15055 14982 26
3 14941 14913 14911 29
3 14719 14707 14666 25
3 14433 14400 14358 28
3 14288 14022 13985 26
3 13945 13923 13919 27
3 13913 13889 13816 24
3 13792 13527 13499 30
3 13496 13488 13460 27
3 13425 13424 13390 29
3 13272 13258 13255 28
3 13218 13176 13102 28
3 13072 13040 12922 27
3 12904 12890 12882 27
3 12849 12759 12757 26
3 12704 12698 12691 27
3 12600 12569 12501 26
3 12447 12426 12418 26
3 12296 12232 12109 28
3 12051 12044 11897 26
3 11862 11858 11854 28
3 11834 11711 11633 28
3 11616 11586 11492 27
3 11475 11465 11383 26
3 11330 11304 11118 30
3 11098 10951 10929 28
3 10892 10866 10736 25
3 10730 10586 10440 29
3 10386 10342 10338 28
3 10322 10315 10283 29
3 10207 10175 10169 29
3 10159 10090 9956 27
3 9865 9818 9812 27
3 9714 9700 9699 25
3 9682 9566 9481 27
3 9326 9266 9233 26
3 9230 9101 9058 27
3 8983 8973 8880 24
3 8793 8607 8577 28
3 8517 8486 8480 26
3 8442 8429 8378 25
3 8356 8301 8266 28
3 8194 8174 8077 26
3 7920 7795 7752 26
3 7703 7642 7633 28
3 7614 7579 7575 28
3 7540 7461 7420 26
3 7415 7361 7338 27
3 7298 7208 7122 28
3 7072 7042 6970 29
3 6822 6818 6761 26
3 6723 6722 6701 23
3 6683 6511 6495 29
3 6418 6348 6319 27
3 6303 6270 6235 27
3 6199 6048 6043 26
3 6018 5957 5945 28
3 5894 5883 5882 28
3 5761 5750 5739 28
3 5700 5677 5651 27
3 5609 5502 5487 26
3 5482 5365 5363 28
3 5233 5179 5058 26
3 4918 4774 4751 28
3 4562 4461 4433 28
3 4380 4351 4322 27
3 4306 4162 4161 28
3 4107 3990 3980 27
3 3960 3942 3894 27
3 3858 3804 3698 27
3 3668 3629 3492 26
3 3490 3460 3374 24
3 3321 3262 3251 25
3 3245 3218 3156 29
3 3133 2878 2839 29
3 2800 2761 2743 26
3 2711 2688 2601 29
3 2557 2531 2476 25
3 2413 2356 2245 29
3 2203 2178 2143 29
3 2135 2120 2017 28
3 2014 1917 1859 28
3 1849 1788 1780 26
3 1765 1750 1650 25
3 1635 1634 1597 25
3 1581 1471 1206 28
3 1170 1111 1087 27
3 1052 1046 1039 28
3 996 931 921 26
3 881 782 740 28
3 691 672 668 28
3 483 444 355 26
3 254 184 140 27
3 111 93 65 27
3 43 99925 99783 22
3 99763 99755 99750 23
3 99745 99735 99671 25
3 99648 99577 99505 23
3 99444 99442 99413 26
3 99339 99314 99297 25
3 99282 99260 99245 23
3 99220 99215 99164 25
3 99086 99082 99074 25
3 99027 98974 98947 24
3 98750 98688 98676 23
3 98615 98594 98504 24
3 98438 98429 98414 22
3 98391 98386 98338 26
3 98314 98237 98228 26
3 98165 98162 98158 27
3 98156 98155 98077 27
3 98070 98006 97971 24
3 97937 97875 97873 24
3 97866 97857 97821 23
3 97722 97711 97709 23
3 97649 97647 97617 25
3 97521 97440 97415 25
3 97347 97282 97256 25
3 97239 97173 97131 26
3 97094 97088 97061 25
3 97003 96967 96936 25
3 96921 96914 96893 26
3 96876 96738 96711 27
3 96631 96624 96534 27
3 96503 96498 96442 27
3 96415 96393 96345 25
3 96319 96235 96215 25
3 96171 96151 96145 26
3 96142 96077 96064 24
3 96057 96048 95905 23
3 95888 95850 95846 26
3 95832 95830 95813 25
3 95808 95752 95696 27
3 95692 95627 95578 25
3 95542 95519 95516 26
3 95502 95500 95448 25
3 95413 95265 95260 24
3 95257 95199 95154 23
3 95116 95113 95090 25
3 95074 95026 94925 24
3 94907 94788 94771 23
3 94763 94761 94721 25
3 94697 94678 94671 22
3 94667 94639 94600 25
3 94565 94545 94535 25
3 94460 94439 94352 25
3 94344 94329 94209 25
3 94160 94159 94149 23
3 94123 93975 93957 25
3 93954 93942 93875 27
3 93835 93773 93623 24
3 93480 93389 93366 25
3 93292 93285 93260 24
3 93239 93209 93146 23
3 93144 93110 93096 23
3 93070 93054 93053 24
3 93039 93027 92848 25
3 92813 92804 92799 24
3 92790 92761 92754 26
3 92745 92673 92668 24
3 92525 92481 92434 26
3 92414 92344 92245 23
3 92177 92149 92138 25
3 92134 92133 92123 24
3 92107 92065 92048 23
3 92040 92002 91983 24
3 91877 91835 91735 22
3 91684 91588 91571 25
3 91564 91536 91535 24
3 91503 91485 91470 24
3 91457 91411 91384 24
3 91339 91259 91161 24
3 91141 91107 90989 24
3 90983 90965 90962 23
3 90934 90927 90918 26
3 90917 90892 90804 24
3 90775 90756 90733 23
3 90677 90568 90539 23
3 90506 90485 90331 25
3 90316 90303 90285 24
3 90223 90205 90188 25
3 90144 90138 90120 25
3 90119 90083 90072 26
3 90011 89905 89834 25
3 89813 89808 89752 25
3 89747 89741 89666 27
3 89617 89611 89587 26
3 89554 89525 89467 24
3 89360 89251 89231 24
3 89075 89061 89033 24
3 89010 88963 88945 27
3 88851 88788 88775 25
3 88766 88764 88664 26
3 88596 88571 88568 23
3 88446 88415 88388 23
3 88325 88287 88277 25
3 88255 88244 88241 25
3 88195 88113 88039 23
3 87969 87928 87907 25
3 87839 87817 87675 26
3 87647 87585 87580 22
3 87432 87331 87321 27
3 87313 87171 87162 26
3 87111 87087 87030 22
3 86980 86930 86840 25
3 86827 86778 86769 26
3 86740 86725 86654 24
3 86651 86620 86615 25
3 86614 86459 86441 24
3 86406 86278 86149 24
3 86126 86103 86045 24
3 85971 85958 85935 24
3 85922 85878 85863 27
3 85769 85758 85709 24
3 85626 85552 85508 26
3 85456 85452 85436 25
3 85433 85418 85406 24
3 85405 85358 85356 27
3 85342 85319 85278 24
3 85204 85122 85108 24
3 85069 85035 84988 25
3 84949 84948 84922 22
3 84839 84770 84734 21
3 84638 84584 84549 26
3 84540 84470 84428 25
3 84396 84381 84336 26
3 84290 84275 84259 23
3 84136 84120 84095 23
3 84087 84080 84066 26
3 84049 84048 84045 23
3 84018 84001 83959 26
3 83958 83903 83854 26
3 83847 83766 83715 25
3 83708 83687 83629 25
3 83606 83592 83577 25
3 83509 83456 83436 26
3 83429 83307 83242 25
3 83216 83090 83074 23
3 83073 83070 83063 27
3 83061 83041 82974 25
3 82822 82751 82748 23
3 82685 82662 82602 26
3 82575 82556 82499 26
3 82475 82387 82364 21
3 82358 82320 82312 26
3 82162 82061 82011 21
3 81989 81983 81943 25
3 81925 81873 81815 24
3 81796 81783 81774 25
3 81741 81721 81679 25
3 81511 81398 81393 26
3 81262 81249 81230 24
3 81167 81108 81058 26
3 81047 81046 81036 24
3 81014 80971 80920 25
3 80917 80863 80858 25
3 80834 80802 80784 25
3 80769 80590 80550 27
3 80533 80440 80400 23
3 80389 80374 80369 25
3 80357 80329 80316 24
3 80288 80263 80229 23
3 80185 80096 80091 25
3 80066 80052 80002 24
3 79979 79817 79783 25
3 79690 79641 79596 23
3 79579 79578 79571 25
3 79510 79490 79450 24
3 79406 79369 79359 22
3 79325 79279 79198 26
3 79143 79142 79054 24
3 78982 78980 78970 25
3 78954 78933 78904 23
3 78841 78833 78783 27
3 78677 78656 78655 24
3 78649 78592 78578 25
3 78404 78394 78288 25
3 78260 78153 78131 25
3 78124 78114 78106 25
3 78014 78004 77991 22
3 77983 77785 77530 25
3 77454 77452 77451 27
3 77361 77341 77326 23
3 77317 77282 77256 25
3 77244 77132 77097 24
3 77053 77052 77026 27
3 77012 76970 76946 25
3 76941 76939 76914 27
3 76891 76755 76629 26
3 76603 76600 76586 23
3 76557 76509 76471 25
3 76426 76412 76294 24
3 76269 76260 76247 24
3 76178 76072 75985 26
3 75920 75892 75862 27
3 75847 75790 75753 24
3 75743 75726 75629 23
3 75615 75598 75583 26
3 75404 75386 75382 25
3 75376 75195 75119 26
3 75116 75065 75012 23
3 75007 74994 74954 24
3 74923 74872 74866 26
3 74814 74790 74702 25
3 74627 74482 74462 22
3 74438 74384 74352 26
3 74342 74303 74283 23
3 74187 74170 74107 24
3 74051 74042 74001 23
3 73970 73966 73939 23
3 73856 73850 73815 24
3 73811 73743 73741 27
3 73719 73708 73672 26
3 73651 73650 73636 24
3 73622 73603 73595 25
3 73494 73469 73429 26
3 73407 73406 73364 23
3 73362 73314 73243 25
3 73182 73085 73054 25
3 73003 72944 72934 24
3 72929 72879 72811 21
3 72724 72613 72600 26
3 72465 72410 72369 21
3 72349 72299 72278 22
3 72252 72229 72112 24
3 72060 72055 72008 27
3 72002 71982 71974 24
3 71942 71853 71796 24
3 71790 71730 71639 24
3 71591 71391 71359 25
3 71328 71263 71152 27
3 71139 71126 71117 26
3 71043 70946 70912 22
3 70884 70860 70855 24
3 70820 70766 70691 26
3 70680 70610 70589 25
3 70588 70575 70560 24
3 70545 70532 70513 25
3 70441 70366 70213 25
3 70206 70189 70184 25
3 70147 70077 70040 25
3 70037 69983 69863 23
3 69852 69849 69827 27
3 69821 69807 69789 23
3 69770 69748 69742 24
3 69703 69679 69618 23
3 69445 69313 69304 26
3 69292 69290 69251 25
3 69235 69210 69157 24
3 69090 69071 69052 26
3 69022 68975 68968 25
3 68943 68903 68888 23
3 68775 68570 68556 24
3 68537 68513 68481 25
3 68460 68446 68435 22
3 68388 68342 68336 25
3 68302 68263 68141 23
3 68085 68084 68083 23
3 68044 68035 67992 25
3 67949 67880 67874 24
3 67825 67782 67729 25
3 67713 67530 67528 23
3 67521 67501 67317 24
3 67282 67257 67229 23
3 67214 67185 67120 23
3 67087 67059 67055 23
3 67017 67016 67014 25
3 67012 67001 66980 26
3 66954 66929 66917 24
3 66808 66784 66772 24
3 66749 66597 66568 26
3 66496 66467 66462 24
3 66449 66397 66291 22
3 66259 66223 66221 22
3 66175 66166 66151 27
3 66133 66083 66060 24
3 66052 65995 65983 25
3 65957 65921 65916 26
3 65828 65777 65763 24
3 65752 65728 65578 23
3 65558 65453 65408 22
3 65393 65337 65280 24
3 65254 65182 65165 25
3 65120 65110 65102 24
3 65101 65064 65024 24
3 64979 64977 64966 26
3 64953 64907 64882 23
3 64790 64722 64678 23
3 64671 64580 64570 24
3 64528 64510 64443 24
3 64417 64358 64347 24
3 64327 64260 64236 24
3 64139 64125 64095 23
3 64092 63959 63952 24
3 63934 63919 63913 23
3 63845 63782 63758 24
3 63702 63660 63620 25
3 63547 63522 63503 27
3 63499 63462 63448 24
3 63421 63393 63347 26
3 63340 63322 63274 24
3 63263 63239 63216 25
3 63161 63102 63056 21
3 63014 62865 62860 27
3 62858 62855 62727 24
3 62718 62697 62561 24
3 62559 62392 62333 25
3 62304 62228 62203 22
3 62168 62161 62140 25
3 62131 62108 61991 25
3 61987 61977 61976 24
3 61969 61962 61933 25
3 61927 61840 61820 25
3 61819 61818 61810 24
3 61555 61511 61507 25
3 61462 61441 61336 23
3 61295 61256 61254 26
3 61220 61194 61182 26
3 61065 61034 60960 26
3 60949 60891 60835 22
3 60797 60703 60678 25
3 60675 60636 60630 26
3 60618 60592 60553 24
3 60471 60419 60407 25
3 60354 60351 60343 23
3 60311 60270 60165 24
3 60130 60018 59996 24
3 59983 59916 59889 23
3 59721 59682 59673 24
3 59658 59569 59523 24
3 59445 59427 59369 25
3 59366 59356 59325 24
3 59299 59292 59288 26
3 59129 59058 58973 23
3 58968 58967 58934 24
3 58909 58901 58803 26
3 58739 58696 58681 24
3 58680 58633 58600 26
3 58546 58455 58433 25
3 58393 58388 58362 22
3 58345 58320 58293 27
3 58229 58219 58128 25
3 58110 58109 58098 23
3 57953 57902 57861 25
3 57812 57790 57782 25
3 57717 57681 57620 23
3 57587 57524 57470 22
3 57395 57349 57252 25
3 57227 57185 57117 24
3 57115 57082 57037 23
3 57009 56867 56843 25
3 56797 56776 56732 26
3 56684 56682 56652 24
3 56621 56578 56574 25
3 56548 56419 56416 24
3 56293 56261 56237 21
3 56233 56196 56157 24
3 56108 56037 56009 24
3 56001 55988 55967 24
3 55935 55852 55829 25
3 55751 55706 55676 24
3 55667 55600 55594 23
3 55568 55561 55526 24
3 55490 55480 55468 26
3 55465 55383 55368 25
3 55343 55336 55321 25
3 55304 55297 55279 25
3 55202 55193 55158 27
3 55125 55117 55106 24
3 55083 55082 55033 27
3 55032 54992 54903 26
3 54888 54819 54782 23
3 54620 54580 54541 25
3 54464 54449 54447 25
3 54436 54328 54324 25
3 54271 54185 54058 26
3 54016 53917 53906 26
3 53888 53851 53840 24
3 53693 53670 53645 23
3 53607 53588 53513 23
3 53459 53428 53357 24
3 53162 53153 53151 25
3 53143 53125 53114 27
3 53080 53076 53067 23
3 53041 53036 52962 26
3 52907 52898 52834 24
3 52730 52711 52710 23
3 52695 52692 52590 25
3 52585 52573 52572 24
3 52567 52457 52294 24
3 52282 52277 52266 25
3 52262 52231 52214 26
3 52196 52111 52090 22
3 52079 52055 52036 23
3 52020 51835 51821 25
3 51796 51756 51706 26
3 51649 51624 51623 26
3 51608 51599 51577 24
3 51501 51398 51335 23
3 51259 51226 51202 25
3 51200 51185 51172 24
3 51157 51138 51087 26
3 51042 50995 50931 25
3 50906 50885 50882 26
3 50751 50685 50659 24
3 50651 50566 50517 23
3 50490 50484 50441 25
3 50420 50408 50379 26
3 50374 50356 50266 24
3 50264 50219 50191 24
3 50179 50163 50136 26
3 50099 50014 49984 25
3 49962 49870 49859 25
3 49850 49848 49757 26
3 49730 49719 49713 25
3 49662 49595 49545 25
3 49535 49499 49328 26
3 49319 49131 49077 24
3 49049 49036 49022 24
3 48893 48804 48600 21
3 48489 48440 48420 26
3 48361 48323 48290 23
3 48248 48244 48219 26
3 48055 47996 47993 26
3 47952 47942 47892 25
3 47867 47852 47823 26
3 47791 47752 47741 23
3 47676 47641 47628 24
3 47615 47613 47609 25
3 47543 47523 47478 25
3 47456 47450 47445 23
3 47422 47420 47378 25
3 47362 47346 47243 24
3 47194 47179 47137 23
3 47051 47042 46964 22
3 46913 46905 46877 24
3 46850 46849 46768 24
3 46747 46710 46689 25
3 46688 46663 46660 26
3 46528 46511 46455 27
3 46405 46395 46381 24
3 46377 46272 46198 26
3 46148 46136 45999 22
3 45978 45973 45919 24
3 45843 45794 45734 26
3 45669 45633 45619 25
3 45602 45576 45463 26
3 45443 45360 45348 24
3 45216 45174 45116 25
3 45022 44991 44981 23
3 44930 44898 44895 26
3 44887 44772 44765 25
3 44731 44669 44498 25
3 44487 44445 44417 22
3 44416 44414 44411 24
3 44405 44386 44380 25
3 44379 44368 44367 25
3 44346 44309 44238 25
3 44222 44093 44043 26
3 44028 44006 43998 22
3 43961 43910 43825 25
3 43775 43762 43759 26
3 43721 43667 43555 27
3 43552 43502 43500 23
3 43431 43376 43336 26
3 43335 43334 43289 26
3 43218 43106 43062 24
3 43060 43044 43028 25
3 43000 42986 42976 27
3 42903 42879 42813 26
3 42805 42772 42771 23
3 42752 42729 42710 24
3 42656 42604 42494 25
3 42462 42438 42374 25
3 42354 42268 42221 26
3 42108 42092 42086 25
3 42061 42044 41995 25
3 41957 41922 41859 25
3 41781 41762 41730 25
3 41648 41630 41549 26
3 41300 41222 41203 24
3 41197 41166 41108 22
3 41105 41090 41041 23
3 40970 40942 40896 25
3 40892 40763 40664 26
3 40653 40629 40602 26
3 40591 40540 40533 25
3 40484 40443 40395 22
3 40368 40362 40314 24
3 40312 40261 40251 24
3 40147 40134 40115 24
3 40075 40064 40050 24
3 40015 39954 39882 26
3 39879 39861 39838 26
3 39760 39755 39754 25
3 39735 39731 39610 25
3 39587 39575 39532 25
3 39477 39476 39449 24
3 39392 39360 39304 24
3 39289 39280 39267 22
3 39244 39212 39184 26
3 39173 39106 39037 26
3 39016 38937 38898 24
3 38878 38870 38755 26
3 38718 38675 38641 23
3 38559 38547 38515 26
3 38422 38416 38358 23
3 38337 38255 38181 24
3 38178 38154 38111 26
3 38105 38043 37986 24
3 37890 37786 37753 24
3 37739 37710 37692 25
3 37660 37643 37637 23
3 37510 37372 37345 25
3 37343 37318 37308 25
3 37305 37302 37275 26
3 37229 37131 37116 22
3 37051 37000 36963 23
3 36938 36889 36843 27
3 36834 36800 36718 24
3 36562 36550 36318 24
3 36301 36273 36265 20
3 36207 36192 36136 27
3 36135 36102 36061 26
3 36039 36025 35933 22
3 35896 35867 35837 25
3 35808 35787 35758 25
3 35715 35608 35603 22
3 35588 35516 35504 22
3 35471 35439 35428 26
3 35403 35354 35329 26
3 35319 35242 35226 25
3 35173 35154 35123 25
3 35069 35049 35008 23
3 34909 34899 34883 25
3 34866 34854 34851 25
3 34823 34822 34816 25
3 34781 34749 34700 24
3 34693 34668 34654 25
3 34643 34584 34573 25
3 34516 34504 34411 24
3 34376 34348 34313 24
3 34248 34231 34223 24
3 34203 34155 34118 23
3 34107 34087 33894 26
3 33864 33820 33819 21
3 33750 33631 33521 24
3 33514 33502 33496 22
3 33436 33421 33416 26
3 33406 33316 33303 24
3 33283 33260 33247 26
3 33209 33134 33077 26
3 33016 32970 32948 24
3 32944 32876 32868 25
3 32845 32780 32703 25
3 32681 32667 32641 25
3 32613 32599 32565 25
3 32559 32543 32540 25
3 32378 32367 32301 24
3 32255 32245 32207 26
3 32173 32138 32092 25
3 32087 32020 31963 26
3 31939 31934 31866 23
3 31832 31774 31769 24
3 31731 31707 31697 21
3 31676 31648 31579 24
3 31456 31450 31431 26
3 31417 31362 31217 26
3 31183 31132 30999 25
3 30991 30981 30940 22
3 30939 30923 30891 23
3 30883 30851 30832 25
3 30805 30792 30772 24
3 30739 30705 30673 23
3 30664 30645 30575 19
3 30564 30545 30484 24
3 30461 30426 30367 23
3 30331 30223 30221 21
3 30194 30128 30101 25
3 30050 29984 29975 25
3 29965 29874 29870 23
3 29852 29810 29806 27
3 29662 29640 29610 24
3 29608 29538 29506 23
3 29437 29425 29337 25
3 29319 29312 29275 24
3 29268 29257 29148 25
3 29115 28974 28951 27
3 28938 28900 28898 25
3 28886 28855 28831 24
3 28751 28703 28664 25
3 28632 28604 28583 25
3 28558 28425 28390 27
3 28329 28315 28290 25
3 28287 28251 28242 24
3 28217 28201 28184 24
3 28150 28092 28080 24
3 28005 27988 27955 27
3 27897 27894 27837 24
3 27638 27625 27550 23
3 27548 27544 27418 25
3 27385 27384 27356 24
3 27348 27336 27172 23
3 27124 27119 27101 25
3 27029 26961 26954 25
3 26934 26909 26899 25
3 26733 26541 26530 25
3 26494 26488 26399 22
3 26361 26355 26282 24
3 26273 26250 26169 25
3 26027 26010 25966 25
3 25962 25946 25910 26
3 25873 25866 25860 24
3 25847 25838 25825 25
3 25786 25781 25701 24
3 25698 25694 25574 24
3 25542 25504 25488 26
3 25435 25407 25267 22
3 25202 25180 25179 26
3 25147 25046 25001 25
3 24954 24953 24926 26
3 24798 24681 24630 25
3 24594 24552 24476 24
3 24471 24456 24424 23
3 24370 24330 24313 24
3 24299 24283 24216 26
3 24157 24097 24088 24
3 24057 23988 23942 24
3 23794 23756 23731 24
3 23557 23518 23512 24
3 23500 23490 23489 25
3 23469 23455 23338 23
3 23332 23319 23156 25
3 23118 23098 23041 24
3 22998 22997 22972 26
3 22967 22937 22934 24
3 22886 22872 22759 26
3 22737 22714 22637 24
3 22580 22353 22301 23
3 22261 22255 22168 26
3 22028 21971 21968 24
3 21923 21897 21893 25
3 21881 21862 21855 25
3 21854 21802 21761 24
3 21752 21737 21735 25
3 21702 21692 21669 26
3 21640 21581 21580 26
3 21566 21536 21414 25
3 21383 21364 21346 26
3 21342 21334 21256 25
3 21210 21206 21204 25
3 21200 21182 21172 25
3 21119 21075 21074 24
3 21069 21030 20971 26
3 20891 20881 20841 25
3 20831 20821 20771 25
3 20723 20605 20527 23
3 20494 20492 20483 23
3 20429 20378 20373 24
3 20361 20338 20330 26
3 20285 20234 20187 23
3 20170 20134 20061 25
3 20035 19904 19885 24
3 19841 19799 19749 24
3 19735 19659 19497 24
3 19370 19355 19336 27
3 19316 19257 19216 25
3 19204 19134 19079 26
3 19075 19050 19000 26
3 18946 18906 18880 26
3 18852 18802 18748 26
3 18738 18734 18708 25
3 18680 18603 18564 24
3 18502 18458 18398 25
3 18343 18175 18076 26
3 18005 17966 17962 24
3 17901 17856 17840 22
3 17787 17704 17697 24
3 17666 17662 17617 24
3 17584 17581 17572 26
3 17554 17504 17466 22
3 17449 17358 17341 23
3 17327 17266 17237 25
3 17128 17107 17106 25
3 16977 16970 16857 26
3 16821 16741 16666 25
3 16663 16612 16604 24
3 16568 16551 16536 25
3 16531 16524 16497 24
3 16446 16430 16352 24
3 16336 16247 16186 27
3 16163 16050 16017 26
3 15949 15934 15928 27
3 15916 15855 15698 23
3 15649 15552 15462 24
3 15426 15360 15330 25
3 15253 15224 15188 27
3 15134 15090 14957 23
3 14910 14877 14874 23
3 14818 14786 14714 25
3 14711 14640 14612 26
3 14595 14512 14501 24
3 14470 14434 14356 24
3 14302 14267 14240 26
3 14215 14187 14096 24
3 14078 14004 13982 24
3 13901 13882 13805 25
3 13649 13629 13610 24
3 13577 13531 13519 23
3 13470 13459 13454 26
3 13451 13426 13385 24
3 13311 13230 13217 25
3 13213 13113 13060 25
3 13057 12933 12845 25
3 12842 12832 12829 26
3 12821 12816 12791 25
3 12766 12655 12642 25
3 12623 12621 12588 24
3 12503 12492 12458 25
3 12383 12339 12332 26
3 12248 12236 12235 25
3 12233 12210 12208 25
3 12180 12145 12096 22
3 11960 11937 11930 25
3 11843 11830 11825 24
3 11819 11801 11781 25
3 11733 11722 11654 26
3 11615 11597 11570 23
3 11540 11506 11433 22
3 11380 11363 11337 25
3 11282 11280 11242 23
3 11171 11110 11032 26
3 10990 10912 10827 25
3 10792 10671 10580 24
3 10564 10553 10552 24
3 10469 10468 10429 24
3 10428 10420 10340 24
3 10339 10313 10262 24
3 10255 10091 10079 24
3 10073 9784 9756 21
3 9742 9630 9605 25
3 9583 9575 9540 24
3 9483 9477 9440 22
3 9416 9389 9354 25
3 9310 9303 9297 27
3 9286 9227 9138 24
3 9060 8998 8969 27
3 8903 8877 8865 24
3 8854 8825 8764 25
3 8740 8718 8691 24
3 8536 8531 8478 24
3 8453 8195 8067 23
3 8061 7922 7842 25
3 7834 7750 7734 25
3 7715 7706 7699 25
3 7572 7518 7489 27
3 7421 7375 7350 26
3 7281 7205 7136 23
3 7127 7092 7079 24
3 7030 6997 6954 26
3 6946 6909 6842 25
3 6781 6677 6620 26
3 6615 6565 6541 24
3 6535 6368 6364 25
3 6276 6253 6232 25
3 6224 6200 6111 24
3 6103 6076 6053 27
3 6027 6002 5992 26
3 5859 5849 5814 26
3 5779 5734 5725 22
3 5718 5666 5458 25
3 5362 5358 5329 23
3 5277 5268 5220 24
3 5200 5174 5164 27
3 5147 5060 5049 24
3 4998 4984 4948 25
3 4888 4885 4879 25
3 4876 4845 4829 25
3 4817 4813 4783 26
3 4753 4752 4601 26
3 4584 4526 4521 25
3 4418 4340 4315 23
3 4272 4234 4195 26
3 4184 4127 4078 24
3 4061 4006 3971 23
3 3837 3815 3814 25
3 3806 3793 3781 20
3 3766 3692 3671 24
3 3665 3646 3643 26
3 3591 3580 3568 24
3 3547 3439 3395 23
3 3295 3283 3269 26
3 3211 3189 3107 25
3 3051 3035 3026 24
3 2988 2951 2939 22
3 2938 2857 2812 24
3 2808 2734 2680 24
3 2672 2593 2483 24
3 2444 2426 2408 23
3 2405 2399 2327 27
3 2280 2271 2164 25
3 2131 2119 2068 25
3 2058 1971 1960 24
3 1950 1890 1868 26
3 1861 1847 1784 24
3 1748 1743 1721 24
3 1697 1569 1539 27
3 1344 1267 1231 26
3 1205 1193 1172 25
3 1148 1137 1136 27
3 1082 1011 862 23
3 843 834 817 25
3 799 773 711 26
3 676 662 641 24
3 595 476 456 25
3 452 448 440 25
3 410 362 280 25
3 255 235 201 24
3 176 104 82 23
3 46 2 99992 22
3 99979 99961 99858 21
3 99813 99802 99713 22
3 99692 99676 99655 22
3 99639 99628 99587 22
3 99559 99538 99510 23
3 99466 99431 99359 20
3 99338 99320 99286 23
3 99275 99216 99204 23
3 99194 99175 99122 20
3 99068 99053 99045 21
3 99038 98996 98972 21
3 98966 98894 98816 23
3 98737 98701 98672 21
3 98656 98607 98544 24
3 98543 98513 98396 22
3 98373 98366 98358 24
3 98352 98322 98316 22
3 98276 98214 98201 22
3 98176 98164 98119 22
3 98103 98094 98089 23
3 97930 97923 97893 22
3 97892 97864 97796 22
3 97788 97779 97729 23
3 97727 97713 97702 23
3 97694 97688 97685 23
3 97677 97658 97643 23
3 97637 97600 97558 20
3 97534 97523 97518 22
3 97442 97420 97376 23
3 97341 97329 97289 24
3 97265 97234 97171 20
3 97161 97151 97149 20
3 97146 97135 97103 24
3 97100 97016 96987 23
3 96979 96954 96904 20
3 96895 96862 96856 22
3 96833 96807 96748 21
3 96721 96696 96673 24
3 96641 96629 96621 23
3 96590 96496 96492 24
3 96418 96395 96385 22
3 96376 96369 96352 22
3 96342 96329 96311 23
3 96300 96275 96231 22
3 96221 96219 96172 21
3 96134 95992 95977 20
3 95969 95961 95953 19
3 95943 95893 95865 22
3 95796 95786 95768 21
3 95725 95646 95570 24
3 95549 95490 95474 18
3 95393 95367 95349 22
3 95338 95310 95289 22
3 95274 95264 95255 24
3 95232 95213 95194 22
3 95173 95134 95111 21
3 95011 94977 94970 23
3 94932 94910 94845 21
3 94844 94811 94803 22
3 94774 94734 94638 22
3 94614 94539 94516 20
3 94514 94513 94478 23
3 94400 94391 94364 22
3 94362 94350 94346 20
3 94333 94316 94289 23
3 94218 94176 94151 23
3 94068 94058 94051 22
3 94042 94011 93961 24
3 93949 93939 93929 23
3 93913 93851 93833 24
3 93798 93795 93789 21
3 93743 93664 93659 19
3 93646 93584 93580 23
3 93457 93329 93327 22
3 93310 93308 93289 22
3 93253 93234 93213 24
3 93211 93208 93200 22
3 93188 93169 93164 21
3 93157 93149 93115 21
3 93099 93046 93041 24
3 92959 92925 92849 22
3 92712 92674 92662 21
3 92620 92619 92615 20
3 92606 92597 92586 21
3 92577 92574 92568 23
3 92566 92510 92508 22
3 92507 92458 92411 24
3 92335 92334 92250 23
3 92230 92229 92224 22
3 92151 92095 92054 22
3 92019 91972 91950 22
3 91948 91945 91856 23
3 91840 91760 91716 24
3 91707 91704 91685 24
3 91669 91622 91593 21
3 91569 91561 91479 24
3 91467 91442 91423 21
3 91407 91363 91335 23
3 91268 91254 91244 23
3 91214 91192 91079 21
3 91073 91045 91012 24
3 91009 90987 90903 23
3 90898 90797 90777 24
3 90739 90695 90663 22
3 90609 90571 90552 21
3 90466 90448 90416 19
3 90341 90324 90278 22
3 90272 90248 90224 21
3 90212 90123 90112 23
3 90036 90012 89966 24
3 89957 89933 89932 24
3 89931 89898 89870 21
3 89868 89845 89788 21
3 89745 89739 89609 23
3 89552 89550 89527 21
3 89524 89509 89500 23
3 89444 89392 89363 22
3 89343 89310 89308 23
3 89294 89284 89259 24
3 89201 89183 89140 21
3 89137 89073 89051 21
3 88918 88912 88882 21
3 88871 88841 88833 19
3 88831 88786 88782 24
3 88769 88768 88731 22
3 88723 88717 88700 22
3 88662 88643 88615 23
3 88587 88585 88578 24
3 88547 88509 88465 22
3 88447 88443 88380 22
3 88299 88256 88247 23
3 88193 88180 88079 24
3 88057 87934 87920 23
3 87908 87858 87831 23
3 87825 87761 87743 22
3 87689 87660 87652 23
3 87610 87592 87589 20
3 87560 87553 87527 22
3 87493 87490 87453 21
3 87392 87305 87280 21
3 87265 87252 87238 23
3 87188 87182 87177 23
3 87151 87143 87107 24
3 87070 87062 86963 23
3 86800 86765 86706 20
3 86678 86675 86545 22
3 86519 86471 86463 23
3 86427 86381 86367 21
3 86364 86355 86347 22
3 86339 86335 86284 22
3 86255 86192 86180 22
3 86082 86062 86039 22
3 86004 85942 85920 23
3 85896 85890 85834 22
3 85828 85811 85794 22
3 85791 85744 85670 23
3 85661 85592 85587 24
3 85574 85517 85516 20
3 85500 85468 85453 23
3 85393 85368 85353 21
3 85338 85299 85295 23
3 85289 85259 85244 22
3 85224 85221 85211 20
3 85196 85179 85154 23
3 85143 85141 85136 23
3 85132 85070 85049 23
3 85015 84930 84892 23
3 84873 84799 84745 21
3 84730 84710 84709 24
3 84658 84651 84620 23
3 84570 84559 84537 22
3 84525 84505 84488 23
3 84477 84463 84444 23
3 84379 84352 84332 22
3 84309 84225 84150 19
3 84144 84125 84121 21
3 84110 84089 84073 22
3 83994 83956 83921 21
3 83816 83802 83755 22
3 83711 83652 83612 21
3 83581 83548 83546 22
3 83496 83463 83457 22
3 83433 83424 83408 22
3 83391 83359 83345 21
3 83311 83295 83265 23
3 83220 83211 83147 22
3 83145 83133 83022 23
3 83016 83004 83001 22
3 82894 82839 82756 23
3 82710 82682 82656 22
3 82639 82592 82578 22
3 82566 82565 82546 23
3 82445 82408 82353 23
3 82346 82338 82317 21
3 82179 82150 82146 22
3 82040 82037 81996 23
3 81990 81988 81973 22
3 81839 81819 81805 24
3 81803 81782 81729 22
3 81706 81705 81699 22
3 81685 81683 81681 23
3 81650 81624 81585 21
3 81562 81544 81536 20
3 81515 81503 81451 23
3 81443 81428 81407 21
3 81358 81321 81318 24
3 81296 81247 81199 22
3 81195 81158 81040 20
3 81004 80980 80924 23
3 80892 80891 80883 23
3 80869 80840 80801 22
3 80728 80687 80621 22
3 80568 80528 80527 22
3 80509 80503 80444 21
3 80437 80436 80395 22
3 80387 80368 80304 23
3 80260 80222 80122 23
3 80092 80085 80070 21
3 80069 80053 80034 24
3 79966 79864 79861 22
3 79850 79829 79800 21
3 79770 79755 79679 22
3 79637 79632 79625 23
3 79589 79518 79417 23
3 79376 79328 79300 21
3 79292 79257 79244 24
3 79160 79133 79127 22
3 79120 79105 79094 23
3 79086 79065 79039 22
3 78923 78903 78838 22
3 78821 78808 78794 24
3 78790 78766 78748 23
3 78732 78708 78699 23
3 78681 78568 78466 24
3 78459 78430 78399 23
3 78372 78350 78332 22
3 78324 78302 78299 21
3 78295 78276 78178 21
3 78163 78157 78146 22
3 78138 78137 78099 23
3 78085 77987 77961 22
3 77944 77939 77904 24
3 77848 77846 77765 23
3 77754 77709 77683 21
3 77605 77591 77575 22
3 77551 77546 77543 22
3 77532 77474 77468 21
3 77455 77448 77447 23
3 77414 77386 77383 23
3 77376 77353 77329 23
3 77309 77211 77154 23
3 77150 77123 77095 23
3 77091 76913 76896 23
3 76893 76853 76791 24
3 76743 76677 76665 23
3 76664 76650 76520 24
3 76518 76456 76448 22
3 76346 76315 76312 20
3 76279 76277 76250 24
3 76226 76222 76221 23
3 76198 76164 76159 21
3 76125 76081 76019 20
3 76004 75986 75958 20
3 75937 75886 75859 24
3 75858 75832 75780 19
3 75760 75757 75756 22
3 75668 75658 75656 24
3 75635 75606 75586 22
3 75563 75553 75548 22
3 75536 75527 75526 23
3 75523 75508 75412 22
3 75401 75354 75341 22
3 75323 75313 75285 23
3 75273 75266 75253 23
3 75212 75206 75179 22
3 75178 75147 75144 23
3 75092 75013 74945 22
3 74928 74926 74897 21
3 74865 74863 74843 22
3 74842 74838 74818 23
3 74774 74769 74758 21
3 74745 74711 74705 21
3 74664 74659 74649 20
3 74642 74630 74590 22
3 74561 74534 74483 24
3 74451 74422 74380 23
3 74375 74365 74347 24
3 74285 74206 74192 22
3 74102 74069 74021 23
3 73987 73959 73899 22
3 73788 73781 73745 21
3 73692 73688 73558 24
3 73539 73450 73443 22
3 73431 73419 73414 22
3 73408 73403 73400 23
3 73385 73291 73287 21
3 73283 73281 73249 20
3 73231 73225 73198 22
3 73174 73157 73141 24
3 73131 73036 73017 22
3 72933 72897 72890 21
3 72818 72812 72772 21
3 72757 72747 72707 21
3 72688 72681 72676 23
3 72669 72628 72599 24
3 72518 72467 72418 23
3 72404 72390 72375 22
3 72302 72269 72235 24
3 72185 72154 72146 23
3 72144 72082 72063 24
3 72043 72038 71962 24
3 71951 71866 71864 23
3 71804 71784 71781 22
3 71729 71719 71716 22
3 71691 71685 71640 23
3 71603 71594 71384 23
3 71356 71324 71317 23
3 71270 71260 71238 23
3 71232 71099 71070 22
3 71053 71050 71048 21
3 71036 71026 70977 22
3 70936 70890 70886 22
3 70807 70721 70699 21
3 70698 70599 70541 23
3 70474 70473 70388 23
3 70367 70309 70194 23
3 70183 70159 70135 22
Score: 3685200 , Pizza Available: 89017