Score: 0 , Pizza Available: 89017 , no. of Teams is 2742
4 70035 70026 69991 69917 25
4 69912 69717 69710 69702 26
4 69683 69670 69583 69509 29
4 69503 69502 69492 69480 30
4 69473 69440 69392 69361 29
4 69337 69326 69319 69275 31
4 69229 69176 69159 69028 31
4 69023 69007 68992 68967 29
4 68927 68908 68899 68837 27
4 68834 68792 68770 68756 30
4 68707 68698 68667 68656 26
4 68574 68555 68535 68532 31
4 68489 68485 68458 68443 30
4 68390 68373 68360 68311 28
4 68260 68257 68227 68200 27
4 68166 68133 68113 68103 29
4 68089 68049 68000 67996 28
4 67951 67927 67862 67839 26
4 67821 67733 67691 67675 30
4 67577 67537 67503 67421 28
4 67390 67374 67369 67348 27
4 67347 67340 67337 67328 27
4 67320 67308 67268 67262 29
4 67188 67175 67161 67091 26
4 67073 67067 66913 66908 28
4 66843 66815 66786 66733 31
4 66713 66652 66630 66607 28
4 66564 66456 66447 66408 28
4 66355 66326 66319 66246 30
4 66231 66189 66104 66005 28
4 65952 65932 65894 65823 29
4 65820 65810 65796 65753 30
4 65746 65723 65706 65700 30
4 65684 65675 65646 65641 29
4 65606 65479 65467 65464 30
4 65358 65347 65306 65305 25
4 65242 65215 65203 65188 28
4 65167 65151 65136 65098 28
4 65092 65077 65071 65031 27
4 64983 64981 64910 64873 27
4 64855 64833 64828 64793 28
4 64766 64760 64732 64704 29
4 64684 64609 64590 64560 28
4 64398 64391 64378 64364 29
4 64335 64277 64269 64212 28
4 64209 64187 64183 64053 31
4 64022 63988 63965 63943 29
4 63933 63917 63893 63844 28
4 63842 63840 63833 63829 29
4 63786 63729 63725 63718 27
4 63621 63617 63601 63577 26
4 63567 63564 63504 63484 25
4 63461 63457 63410 63365 30
4 63355 63346 63329 63327 27
4 63304 63267 63251 63249 27
4 63237 63223 63220 63186 30
4 63167 63137 63077 63064 29
4 63043 63035 63032 62986 28
4 62957 62939 62907 62904 29
4 62889 62877 62846 62833 28
4 62779 62749 62722 62694 29
4 62691 62683 62629 62609 28
4 62579 62541 62507 62497 25
4 62486 62476 62390 62383 28
4 62355 62340 62339 62329 30
4 62298 62256 62248 62213 28
4 62169 62113 62090 62084 27
4 62060 62036 62034 61982 30
4 61981 61953 61941 61923 29
4 61890 61873 61869 61839 30
4 61783 61776 61739 61709 25
4 61705 61696 61588 61563 29
4 61560 61558 61534 61492 31
4 61388 61376 61355 61285 29
4 61261 61248 61219 61218 26
4 61210 61180 61093 61056 28
4 60998 60993 60986 60917 27
4 60868 60867 60850 60777 30
4 60683 60650 60616 60578 30
4 60532 60481 60476 60469 30
4 60437 60428 60401 60304 27
4 60271 60242 60199 60184 28
4 60159 60141 60120 60117 30
4 60114 60111 60040 59975 27
4 59947 59917 59848 59834 27
4 59823 59790 59783 59735 28
4 59717 59710 59698 59634 29
4 59631 59602 59590 59557 28
4 59544 59538 59506 59505 28
4 59503 59486 59475 59472 29
4 59464 59446 59436 59413 29
4 59398 59280 59245 59242 25
4 59235 59212 59189 59143 25
4 59112 59089 59084 59066 32
4 59042 59031 59029 59019 29
4 59016 58992 58956 58952 25
4 58938 58890 58826 58814 28
4 58774 58757 58733 58718 29
4 58715 58659 58635 58604 28
4 58576 58569 58545 58468 27
4 58454 58419 58411 58358 30
4 58323 58311 58302 58301 30
4 58279 58051 58028 58017 27
4 57974 57944 57876 57865 29
4 57836 57784 57774 57743 29
4 57739 57732 57725 57637 28
4 57635 57633 57619 57611 30
4 57609 57461 57443 57427 29
4 57420 57386 57384 57361 28
4 57351 57340 57334 57331 29
4 57256 57195 57191 57132 29
4 57111 57096 57094 57071 31
4 56966 56895 56865 56857 28
4 56835 56826 56801 56735 26
4 56697 56624 56615 56528 30
4 56508 56472 56467 56430 26
4 56386 56341 56333 56277 31
4 56258 56225 56222 56159 29
4 56142 56118 56093 56062 28
4 56045 56044 56022 55916 29
4 55907 55861 55783 55776 27
4 55773 55768 55697 55693 29
4 55682 55677 55643 55630 29
4 55569 55567 55503 55386 30
4 55382 55290 55248 55195 29
4 55182 55172 55115 55035 27
4 55031 55014 55013 54966 26
4 54958 54929 54834 54829 30
4 54762 54761 54758 54687 27
4 54680 54644 54636 54624 26
4 54610 54582 54572 54552 31
4 54522 54503 54395 54394 30
4 54376 54274 54228 54220 29
4 54212 54188 54180 54163 28
4 54154 54077 53977 53950 30
4 53946 53891 53818 53793 26
4 53788 53786 53721 53679 29
4 53647 53618 53615 53517 26
4 53467 53447 53441 53418 29
4 53417 53387 53349 53342 29
4 53324 53312 53274 53260 29
4 53224 53180 53171 53142 30
4 53035 52996 52976 52975 27
4 52969 52913 52906 52874 27
4 52862 52792 52785 52770 29
4 52751 52720 52605 52577 28
4 52535 52531 52525 52488 30
4 52427 52420 52389 52381 29
4 52371 52346 52329 52301 30
4 52281 52251 52215 52203 30
4 52171 52100 52041 52023 31
4 52013 51976 51950 51904 28
4 51868 51841 51779 51739 29
4 51738 51730 51688 51659 29
4 51650 51622 51607 51569 29
4 51555 51536 51515 51489 30
4 51481 51431 51391 51387 30
4 51382 51358 51345 51333 27
4 51311 51310 51300 51267 28
4 51256 51248 51195 51159 26
4 51149 51051 50985 50975 29
4 50974 50959 50929 50921 27
4 50918 50904 50900 50896 25
4 50894 50770 50761 50677 29
4 50650 50590 50589 50555 26
4 50448 50365 50357 50335 28
4 50255 50239 50170 50143 31
4 50030 50011 49945 49941 29
4 49928 49903 49894 49855 26
4 49837 49829 49807 49795 30
4 49790 49752 49701 49697 27
4 49664 49646 49577 49484 25
4 49448 49433 49407 49316 28
4 49304 49170 49159 49132 26
4 49107 49106 49100 49093 27
4 49026 48964 48940 48863 28
4 48851 48837 48778 48773 27
4 48717 48707 48700 48618 29
4 48603 48510 48497 48492 28
4 48483 48479 48475 48438 27
4 48432 48405 48390 48275 26
4 48266 48208 48164 48154 29
4 48151 48102 48047 47991 28
4 47903 47886 47875 47836 29
4 47801 47790 47764 47757 30
4 47717 47690 47689 47672 29
4 47646 47607 47561 47515 31
4 47504 47440 47435 47430 27
4 47421 47415 47376 47302 30
4 47291 47270 47216 47190 30
4 47124 47059 47037 47028 27
4 47027 47023 47001 46985 28
4 46912 46855 46828 46780 28
4 46678 46667 46665 46631 29
4 46630 46549 46543 46537 28
4 46531 46522 46482 46456 31
4 46449 46430 46411 46403 31
4 46275 46261 46215 46187 31
4 46169 46155 46137 46122 28
4 46121 46078 46038 45917 29
4 45914 45858 45837 45825 27
4 45803 45797 45746 45654 28
4 45652 45646 45562 45473 30
4 45442 45423 45375 45339 27
4 45242 45225 45217 45136 29
4 45107 45101 45086 45077 29
4 45062 45061 45043 45016 31
4 44978 44934 44903 44901 31
4 44899 44885 44868 44864 30
4 44833 44759 44743 44630 29
4 44621 44571 44471 44418 28
4 44406 44391 44333 44287 28
4 44262 44199 44193 44183 29
4 44125 44117 44086 44066 30
4 44015 43880 43853 43838 28
4 43830 43811 43718 43696 29
4 43670 43652 43632 43623 25
4 43508 43497 43458 43457 27
4 43453 43426 43402 43372 32
4 43365 43353 43352 43242 30
4 43228 43207 43201 43198 26
4 43058 43053 43036 42957 29
4 42951 42913 42887 42885 28
4 42803 42791 42716 42692 30
4 42667 42655 42654 42645 27
4 42629 42581 42574 42529 31
4 42501 42476 42473 42402 29
4 42394 42344 42258 42236 27
4 42198 42104 42084 41907 29
4 41896 41892 41815 41809 25
4 41757 41753 41741 41735 28
4 41691 41671 41669 41633 26
4 41631 41607 41546 41545 29
4 41529 41528 41525 41521 30
4 41485 41466 41438 41407 30
4 41382 41329 41293 41281 30
4 41260 41239 41181 41160 29
4 41157 41066 41002 40945 28
4 40929 40915 40770 40760 29
4 40724 40722 40708 40649 26
4 40597 40589 40584 40564 25
4 40507 40438 40427 40301 27
4 40288 40250 40247 40218 29
4 40194 40175 40171 40069 31
4 40062 40028 40012 39981 27
4 39976 39771 39751 39747 25
4 39744 39688 39657 39585 27
4 39540 39533 39526 39505 28
4 39502 39486 39479 39417 29
4 39395 39317 39292 39277 28
4 39230 39204 39142 39135 29
4 39090 39075 39027 39002 25
4 38983 38971 38935 38927 26
4 38913 38877 38868 38858 28
4 38808 38775 38714 38680 30
4 38620 38619 38603 38594 29
4 38548 38514 38480 38455 29
4 38427 38426 38401 38360 29
4 38347 38329 38297 38293 30
4 38276 38247 38235 38232 29
4 38188 38168 38114 38098 30
4 38090 38061 38012 38010 28
4 37997 37961 37922 37919 28
4 37913 37879 37871 37868 30
4 37859 37798 37747 37744 24
4 37712 37701 37667 37659 30
4 37534 37482 37448 37438 28
4 37434 37418 37337 37185 30
4 37161 37133 37129 37124 28
4 37099 37035 37033 36997 26
4 36987 36972 36944 36893 29
4 36876 36852 36795 36794 31
4 36755 36752 36750 36744 28
4 36722 36677 36605 36523 29
4 36457 36450 36442 36351 29
4 36296 36279 36277 36139 31
4 36125 36117 36112 36104 29
4 36070 36052 36046 36014 29
4 35986 35977 35952 35947 27
4 35942 35907 35902 35899 28
4 35819 35810 35791 35727 29
4 35711 35708 35683 35639 28
4 35632 35594 35564 35548 29
4 35547 35531 35511 35486 27
4 35463 35409 35339 35334 30
4 35258 35237 35234 35189 29
4 35143 35097 35083 35057 27
4 35027 34975 34970 34857 27
4 34833 34802 34798 34778 31
4 34735 34720 34708 34642 28
4 34641 34635 34586 34539 28
4 34523 34487 34465 34463 29
4 34427 34419 34412 34389 28
4 34339 34325 34315 34258 31
4 34243 34236 34210 34179 28
4 34147 34133 34105 34099 29
4 34096 34072 34044 34022 31
4 34015 34009 33987 33870 26
4 33794 33757 33737 33682 31
4 33671 33654 33649 33622 27
4 33616 33597 33570 33535 27
4 33509 33498 33497 33460 29
4 33430 33381 33361 33319 27
4 33311 33279 33254 33241 28
4 33196 33182 33143 33115 26
4 33090 33056 33039 33025 29
4 33015 33009 32893 32887 28
4 32883 32877 32866 32851 31
4 32833 32822 32772 32769 29
4 32720 32682 32636 32626 28
4 32519 32516 32502 32500 25
4 32419 32391 32381 32296 29
4 32235 32156 32148 32133 29
4 32125 32037 32029 32023 28
4 32008 32005 31984 31943 29
4 31936 31912 31911 31905 31
4 31892 31889 31884 31826 30
4 31824 31815 31763 31756 28
4 31753 31726 31661 31598 30
4 31565 31564 31554 31539 26
4 31532 31499 31484 31447 27
4 31367 31357 31297 31271 24
4 31245 31233 31225 31196 29
4 31177 31158 31111 31102 28
4 31078 31074 31072 31026 25
4 31017 31015 30993 30973 26
4 30888 30778 30756 30753 32
4 30744 30734 30694 30681 29
4 30670 30603 30531 30505 30
4 30468 30328 30323 30311 27
4 30306 30294 30287 30281 27
4 30246 30243 30217 30191 27
4 30166 30124 30118 30084 30
4 30059 30043 30038 30017 28
4 29978 29918 29676 29657 28
4 29642 29612 29599 29547 28
4 29544 29519 29465 29457 29
4 29445 29439 29426 29424 30
4 29415 29395 29369 29351 25
4 29317 29287 29253 29197 26
4 29174 29163 29143 29093 30
4 29005 28992 28862 28814 28
4 28736 28729 28725 28719 30
4 28718 28680 28656 28654 28
4 28504 28494 28405 28363 29
4 28359 28354 28296 28279 30
4 28264 28210 28144 28120 28
4 28114 27972 27912 27875 31
4 27802 27800 27777 27752 29
4 27738 27700 27698 27665 27
4 27644 27643 27620 27617 29
4 27597 27582 27552 27501 28
4 27497 27480 27452 27373 29
4 27370 27366 27362 27361 29
4 27310 27283 27241 27212 27
4 27208 27202 27184 27175 26
4 27148 27086 27057 27040 24
4 27011 26999 26938 26920 27
4 26859 26824 26773 26758 27
4 26756 26754 26732 26730 28
4 26683 26679 26667 26579 29
4 26544 26487 26354 26353 29
4 26295 26288 26246 26229 28
4 26208 26189 26173 26164 30
4 26140 26068 26062 26037 29
4 25992 25988 25945 25907 26
4 25874 25868 25849 25826 26
4 25795 25725 25682 25618 26
4 25603 25558 25549 25535 28
4 25476 25450 25446 25402 26
4 25399 25329 25310 25299 28
4 25293 25241 25225 25156 28
4 25148 25089 25044 25038 29
4 24972 24964 24951 24911 29
4 24907 24883 24868 24849 30
4 24793 24786 24740 24725 25
4 24675 24669 24660 24632 28
4 24613 24604 24592 24567 28
4 24563 24511 24490 24460 26
4 24459 24458 24436 24401 28
4 24375 24342 24332 24277 28
4 24250 24219 24218 24199 29
4 24194 24187 24166 24085 27
4 24065 23986 23926 23834 28
4 23832 23807 23789 23697 29
4 23615 23598 23586 23570 32
4 23526 23510 23462 23448 28
4 23416 23410 23364 23351 28
4 23322 23315 23289 23281 28
4 23252 23247 23233 23219 30
4 23182 23140 23103 23019 27
4 23009 22988 22976 22968 29
4 22838 22728 22722 22632 30
4 22625 22590 22587 22544 29
4 22541 22536 22511 22505 29
4 22501 22473 22472 22414 29
4 22410 22407 22402 22384 31
4 22383 22372 22338 22297 29
4 22268 22267 22251 22214 28
4 22183 22130 22081 22053 29
4 22030 21972 21921 21900 28
4 21878 21866 21783 21758 28
4 21709 21674 21665 21655 30
4 21595 21582 21521 21461 28
4 21378 21363 21291 21253 29
4 21231 21193 21168 21163 28
4 21146 21085 21077 21056 28
4 21037 20998 20994 20968 28
4 20936 20925 20842 20823 30
4 20819 20783 20694 20692 28
4 20662 20648 20628 20596 28
4 20576 20464 20424 20369 29
4 20359 20321 20252 20197 30
4 20181 20172 20149 20140 28
4 20117 20084 19987 19985 26
4 19975 19939 19897 19842 28
4 19827 19821 19777 19753 31
4 19714 19692 19623 19610 28
4 19591 19580 19579 19557 29
4 19526 19515 19494 19469 29
4 19464 19463 19438 19427 23
4 19426 19421 19384 19383 29
4 19276 19245 19228 19214 29
4 19210 19179 19159 19139 30
4 19111 19092 19072 19071 30
4 19065 19026 18997 18968 27
4 18929 18928 18923 18884 28
4 18849 18840 18811 18791 26
4 18788 18769 18752 18737 31
4 18702 18664 18643 18612 27
4 18605 18567 18565 18515 29
4 18479 18434 18428 18405 30
4 18377 18372 18370 18292 29
4 18186 18174 18173 18121 27
4 18073 18023 17951 17922 27
4 17896 17837 17811 17769 29
4 17733 17661 17657 17615 28
4 17577 17478 17422 17392 30
4 17376 17345 17314 17312 29
4 17303 17285 17214 17157 31
4 17131 17113 17075 17064 29
4 17055 17050 17027 16922 30
4 16912 16874 16865 16831 29
4 16815 16766 16765 16652 28
4 16651 16534 16460 16414 30
4 16413 16379 16342 16323 28
4 16272 16233 16212 16173 29
4 16132 16116 16111 16052 29
4 16014 15991 15978 15976 27
4 15968 15911 15875 15870 27
4 15854 15830 15820 15785 26
4 15755 15672 15629 15581 30
4 15577 15575 15555 15547 28
4 15538 15500 15493 15450 27
4 15417 15401 15400 15398 31
4 15396 15141 15101 15063 31
4 15034 14955 14942 14932 29
4 14922 14918 14887 14857 28
4 14755 14741 14740 14736 26
4 14715 14700 14663 14657 30
4 14645 14569 14555 14535 29
4 14479 14469 14454 14411 26
4 14247 14219 14044 14027 29
4 14026 13941 13939 13934 28
4 13932 13884 13883 13845 28
4 13838 13812 13788 13769 29
4 13761 13754 13745 13738 28
4 13681 13678 13632 13619 30
4 13573 13556 13493 13474 28
4 13411 13408 13384 13359 28
4 13321 13281 13238 13221 26
4 13211 13202 13195 13187 24
4 13172 13077 12938 12886 27
4 12863 12808 12803 12765 26
4 12703 12677 12674 12650 28
4 12646 12639 12622 12590 28
4 12511 12485 12481 12463 28
4 12434 12393 12365 12351 27
4 12275 12256 12242 12219 26
4 12193 12062 12058 11970 30
4 11945 11889 11861 11832 31
4 11826 11806 11804 11776 28
4 11758 11749 11712 11677 29
4 11607 11594 11573 11537 30
4 11536 11473 11460 11457 28
4 11442 11440 11436 11423 28
4 11399 11395 11384 11360 28
4 11358 11322 11318 11314 29
4 11271 11134 11133 11125 26
4 11087 11077 11038 11036 29
4 10978 10915 10909 10883 29
4 10804 10789 10788 10766 27
4 10759 10703 10694 10691 29
4 10690 10684 10663 10634 30
4 10601 10535 10522 10494 27
4 10443 10438 10432 10393 30
4 10385 10365 10362 10328 30
4 10310 10292 10259 10252 26
4 10205 10191 10185 10168 29
4 10158 10127 10087 10078 28
4 10012 10000 9946 9874 30
4 9849 9833 9820 9808 26
4 9806 9805 9773 9728 29
4 9724 9694 9685 9649 29
4 9642 9615 9552 9533 27
4 9485 9482 9480 9466 27
4 9459 9447 9433 9417 28
4 9395 9380 9367 9366 28
4 9349 9296 9276 9272 30
4 9229 9151 9144 9143 28
4 9134 9126 9097 9042 30
4 8992 8942 8930 8888 28
4 8874 8861 8838 8806 26
4 8774 8752 8739 8717 29
4 8673 8667 8653 8608 31
4 8601 8579 8574 8562 29
4 8530 8524 8464 8403 31
4 8360 8343 8341 8313 30
4 8212 8182 8166 8147 28
4 8146 8145 8122 8107 30
4 8003 7998 7986 7943 28
4 7887 7861 7822 7659 30
4 7656 7619 7608 7587 27
4 7549 7546 7453 7438 29
4 7340 7337 7253 7243 28
4 7209 7201 7196 7186 28
4 7184 7178 7155 7123 28
4 7106 7090 7065 6848 29
4 6828 6783 6774 6769 31
4 6703 6673 6644 6630 31
4 6555 6537 6510 6497 29
4 6478 6475 6457 6434 29
4 6407 6405 6373 6288 29
4 6287 6284 6231 6209 26
4 6205 6187 6180 6099 28
4 6093 6040 6034 6007 26
4 6000 5995 5985 5982 26
4 5923 5905 5837 5756 27
4 5704 5676 5647 5628 30
4 5625 5595 5589 5564 27
4 5555 5545 5484 5462 29
4 5440 5439 5429 5424 28
4 5403 5341 5297 5235 27
4 5209 5162 5111 5108 28
4 5095 5065 5041 5022 28
4 5021 4993 4961 4929 30
4 4869 4837 4832 4771 28
4 4764 4721 4707 4686 27
4 4596 4548 4545 4492 26
4 4490 4460 4458 4421 26
4 4419 4336 4313 4278 28
4 4191 4180 4129 4100 27
4 4095 4053 3968 3961 28
4 3941 3886 3856 3826 28
4 3819 3770 3722 3682 26
4 3628 3625 3606 3584 28
4 3512 3507 3501 3483 30
4 3389 3316 3314 3240 28
4 3203 3130 3060 2950 26
4 2931 2909 2870 2854 28
4 2833 2731 2705 2704 26
4 2619 2589 2550 2533 31
4 2482 2462 2445 2415 27
4 2393 2389 2379 2316 30
4 2278 2206 2193 2151 29
4 2147 2132 2128 2065 27
4 1962 1956 1897 1852 28
4 1825 1824 1772 1768 29
4 1671 1554 1419 1414 28
4 1297 1270 1268 1222 27
4 1219 1209 1167 1123 28
4 1092 1079 1031 1024 29
4 1023 1022 964 895 27
4 828 814 761 750 28
4 741 683 675 645 29
4 631 616 605 601 30
4 560 553 532 471 25
4 460 431 383 372 27
4 351 326 322 251 28
4 239 159 137 126 32
4 28 99983 99952 99950 26
4 99945 99849 99825 99824 25
4 99800 99786 99756 99708 27
4 99707 99700 99565 99553 25
4 99550 99545 99525 99513 24
4 99511 99502 99491 99479 26
4 99458 99432 99366 99346 26
4 99288 99280 99234 99198 26
4 99184 99176 99152 99146 27
4 99120 99085 99083 99063 23
4 99028 99026 99015 98992 24
4 98959 98956 98949 98934 25
4 98874 98871 98866 98838 24
4 98834 98827 98818 98802 27
4 98785 98775 98764 98757 25
4 98742 98738 98724 98718 25
4 98697 98691 98639 98624 24
4 98579 98529 98487 98468 26
4 98450 98447 98431 98430 26
4 98388 98364 98350 98246 23
4 98232 98218 98175 98172 25
4 98132 98130 98060 98054 27
4 98011 97955 97951 97933 26
4 97915 97889 97880 97874 26
4 97847 97839 97830 97829 23
4 97794 97756 97747 97745 27
4 97716 97704 97696 97654 25
4 97616 97613 97583 97501 24
4 97500 97479 97470 97454 27
4 97423 97418 97286 97270 26
4 97261 97212 97168 97122 24
4 97120 97098 96985 96969 24
4 96903 96898 96885 96874 25
4 96867 96788 96755 96661 25
4 96642 96584 96583 96557 27
4 96554 96541 96508 96446 26
4 96433 96419 96407 96398 23
4 96391 96382 96282 96267 27
4 96265 96243 96233 96217 24
4 96214 96194 96188 96138 25
4 96126 96114 96107 96079 24
4 95970 95934 95932 95910 26
4 95870 95863 95860 95825 25
4 95823 95818 95795 95771 24
4 95755 95709 95609 95608 27
4 95568 95557 95517 95499 26
4 95487 95476 95450 95444 23
4 95370 95336 95315 95312 25
4 95281 95246 95224 95140 25
4 95132 95069 95029 95010 26
4 94991 94986 94980 94948 26
4 94915 94911 94904 94888 26
4 94885 94854 94843 94835 25
4 94829 94810 94767 94765 26
4 94756 94737 94732 94728 22
4 94709 94648 94586 94570 26
4 94557 94536 94490 94467 26
4 94419 94413 94396 94380 24
4 94360 94335 94309 94288 27
4 94280 94165 94131 94118 27
4 94114 94095 94044 93921 25
4 93843 93836 93834 93830 21
4 93825 93811 93799 93791 26
4 93772 93755 93712 93706 23
4 93688 93673 93655 93631 24
4 93614 93608 93607 93593 26
4 93578 93576 93552 93542 28
4 93470 93445 93436 93412 26
4 93397 93347 93323 93303 28
4 93294 93235 93228 93222 22
4 93207 93139 93137 93121 25
4 93118 93104 93024 93011 25
4 92983 92976 92956 92948 24
4 92941 92926 92924 92921 25
4 92907 92903 92884 92867 26
4 92853 92844 92833 92820 25
4 92791 92726 92700 92684 26
4 92646 92594 92570 92560 25
4 92538 92522 92514 92484 27
4 92480 92479 92455 92417 24
4 92408 92338 92312 92304 23
4 92286 92274 92218 92203 24
4 92202 92196 92168 92159 26
4 92125 92116 92105 92089 26
4 92087 92069 91971 91966 26
4 91954 91953 91944 91943 23
4 91916 91911 91903 91896 27
4 91888 91887 91809 91791 26
4 91769 91731 91721 91710 24
4 91683 91682 91666 91660 25
4 91653 91644 91603 91600 25
4 91556 91553 91541 91534 24
4 91504 91431 91421 91398 27
4 91390 91385 91300 91258 27
4 91251 91249 91241 91230 27
4 91162 91156 91142 91099 26
4 91098 91092 91065 91023 26
4 91020 90982 90963 90960 26
4 90953 90952 90902 90894 26
4 90877 90876 90858 90853 25
4 90840 90824 90809 90795 26
4 90784 90737 90723 90713 23
4 90678 90661 90579 90572 25
4 90563 90554 90545 90540 24
4 90509 90486 90439 90383 26
4 90371 90363 90360 90352 25
4 90307 90305 90256 90246 24
4 90232 90204 90201 90196 26
4 90194 90134 90066 90053 25
4 89994 89992 89981 89965 25
4 89953 89913 89839 89818 27
4 89789 89738 89706 89697 26
4 89685 89681 89668 89658 23
4 89634 89621 89588 89551 23
4 89533 89513 89494 89473 25
4 89462 89455 89432 89379 26
4 89375 89365 89344 89341 24
4 89276 89273 89262 89257 23
4 89191 89166 89155 89144 23
4 89134 89129 89102 89050 25
4 89021 89018 88983 88961 26
4 88935 88926 88917 88889 24
4 88877 88838 88824 88773 26
4 88770 88763 88757 88719 27
4 88718 88707 88666 88665 27
4 88663 88661 88652 88639 25
4 88607 88556 88553 88510 23
4 88400 88369 88367 88352 26
4 88271 88248 88212 88191 22
4 88132 88131 88123 88109 23
4 88036 88028 88017 88003 25
4 87973 87912 87903 87885 25
4 87883 87848 87833 87787 28
4 87779 87762 87752 87751 23
4 87729 87723 87720 87676 22
4 87643 87639 87632 87626 25
4 87614 87593 87590 87576 23
4 87567 87531 87525 87517 27
4 87500 87486 87474 87456 23
4 87372 87371 87360 87328 25
4 87327 87325 87270 87217 26
4 87179 87159 87150 87129 26
4 87126 87057 87055 87016 27
4 87010 86943 86896 86892 26
4 86882 86880 86852 86848 26
4 86816 86797 86790 86773 23
4 86768 86751 86681 86646 24
4 86637 86601 86596 86579 26
4 86567 86553 86548 86539 25
4 86536 86534 86528 86520 27
4 86462 86408 86318 86303 24
4 86290 86262 86258 86244 25
4 86239 86203 86182 86172 22
4 86171 86147 86094 86014 26
4 86003 85999 85996 85845 26
4 85843 85831 85770 85766 26
4 85740 85735 85677 85659 26
4 85653 85649 85648 85625 24
4 85620 85616 85607 85578 26
4 85523 85497 85279 85240 24
4 85183 85174 85173 85118 24
4 85114 85106 85101 85032 25
4 85030 85028 85002 84999 22
4 84995 84968 84958 84938 26
4 84834 84822 84806 84802 25
4 84753 84727 84691 84673 24
4 84644 84599 84543 84511 26
4 84462 84434 84433 84406 25
4 84397 84363 84310 84276 26
4 84252 84238 84232 84229 28
4 84201 84191 84190 84124 24
4 84123 84092 84084 84030 21
4 84024 83996 83930 83906 25
4 83883 83856 83848 83842 24
4 83832 83831 83827 83786 26
4 83776 83760 83734 83730 23
4 83710 83693 83689 83680 27
4 83664 83627 83556 83528 27
4 83474 83452 83437 83410 22
4 83409 83399 83382 83377 24
4 83347 83328 83322 83283 25
4 83275 83243 83217 83188 25
4 83168 83123 83111 83066 27
4 83048 83040 83036 83000 25
4 82940 82937 82932 82930 25
4 82898 82891 82882 82875 27
4 82861 82831 82797 82783 25
4 82762 82743 82739 82714 26
4 82681 82647 82622 82621 25
4 82605 82599 82594 82591 27
4 82589 82554 82538 82534 27
4 82527 82500 82457 82454 26
4 82440 82412 82403 82368 24
4 82362 82352 82293 82291 23
4 82282 82195 82188 82164 25
4 82123 82112 82106 82084 24
4 82072 82070 82063 82059 24
4 82018 82016 82015 82007 26
4 81997 81962 81929 81890 26
4 81885 81865 81863 81765 24
4 81684 81666 81623 81618 23
4 81608 81602 81584 81583 26
4 81578 81575 81550 81499 23
4 81476 81459 81456 81411 26
4 81376 81344 81327 81304 26
4 81300 81291 81266 81257 27
4 81248 81242 81227 81212 27
4 81211 81170 81165 81159 27
4 81146 81131 81128 81092 26
4 81091 81062 81013 80973 24
4 80926 80887 80859 80795 22
4 80783 80755 80754 80746 27
4 80730 80726 80720 80708 26
4 80705 80697 80681 80668 26
4 80611 80604 80601 80582 25
4 80561 80541 80504 80499 27
4 80483 80461 80390 80386 25
4 80352 80324 80287 80284 27
4 80241 80168 80146 80131 24
4 80108 80104 80089 80035 26
4 80021 79992 79971 79969 24
4 79968 79951 79947 79925 25
4 79910 79896 79890 79855 25
4 79809 79807 79798 79771 25
4 79738 79731 79701 79676 25
4 79673 79647 79639 79635 22
4 79633 79624 79615 79613 24
4 79603 79565 79529 79528 27
4 79525 79506 79444 79413 25
4 79373 79355 79340 79337 25
4 79323 79316 79252 79251 23
4 79248 79237 79228 79213 25
4 79169 79150 79126 79102 26
4 79074 79027 79000 78981 26
4 78957 78942 78871 78842 26
4 78820 78806 78780 78779 24
4 78760 78741 78694 78639 26
4 78619 78587 78586 78581 27
4 78554 78507 78455 78449 23
4 78447 78422 78406 78366 25
4 78322 78314 78277 78272 25
4 78268 78259 78236 78219 26
4 78126 78030 77985 77973 25
4 77959 77919 77880 77874 26
4 77864 77859 77836 77783 26
4 77764 77724 77718 77716 26
4 77677 77674 77645 77617 25
4 77598 77580 77513 77502 25
4 77472 77445 77416 77389 26
4 77369 77358 77336 77335 26
4 77294 77275 77271 77245 24
4 77198 77186 77138 77124 27
4 77094 77078 77075 77057 26
4 77051 77050 77024 77014 27
4 77013 76984 76981 76923 27
4 76890 76889 76881 76860 26
4 76823 76773 76738 76728 25
4 76726 76705 76646 76526 24
4 76484 76482 76432 76418 25
4 76389 76333 76330 76290 24
4 76224 76193 76157 76135 27
4 76099 76092 76080 76069 26
4 76066 76064 76030 76005 24
4 76003 75963 75940 75936 26
4 75925 75905 75903 75888 27
4 75865 75838 75826 75803 24
4 75720 75697 75634 75578 25
4 75554 75519 75450 75422 25
4 75393 75384 75380 75372 27
4 75368 75362 75349 75316 24
4 75307 75301 75239 75233 26
4 75217 75197 75184 75149 27
4 75131 75101 75068 75058 27
4 75028 75019 74915 74903 26
4 74901 74889 74832 74829 24
4 74826 74817 74768 74721 25
4 74707 74635 74623 74595 27
4 74550 74538 74537 74535 24
4 74531 74518 74439 74409 25
4 74363 74334 74288 74280 25
4 74233 74191 74184 74156 25
4 74134 74065 74038 74017 27
4 73968 73944 73913 73888 26
4 73878 73875 73836 73770 23
4 73718 73577 73576 73533 25
4 73477 73433 73373 73351 25
4 73340 73336 73332 73290 26
4 73273 73234 73223 73213 24
4 73197 73159 73158 73066 25
4 73028 73022 72998 72986 24
4 72985 72983 72875 72873 25
4 72860 72857 72856 72851 23
4 72850 72781 72774 72720 27
4 72709 72698 72680 72611 25
4 72589 72578 72523 72513 26
4 72504 72491 72480 72428 25
4 72386 72379 72366 72286 26
4 72263 72204 72199 72137 26
4 72091 72088 72086 72071 25
4 72061 72057 72037 72024 25
4 71977 71917 71857 71811 27
4 71788 71762 71731 71713 26
4 71676 71659 71643 71615 25
4 71578 71571 71562 71544 26
4 71537 71535 71534 71527 25
4 71522 71513 71508 71474 24
4 71453 71441 71396 71394 24
4 71386 71355 71333 71303 25
4 71266 71247 71234 71223 25
4 71217 71199 71197 71196 25
4 71190 71173 71169 71155 26
4 71085 71084 71038 71009 23
4 70994 70988 70957 70897 26
4 70881 70854 70844 70799 23
4 70767 70724 70682 70653 23
4 70635 70631 70608 70582 25
4 70536 70503 70500 70493 26
4 70480 70448 70447 70341 25
4 70334 70170 70168 70158 26
4 70153 70149 70146 70131 22
4 70092 70060 70056 70018 23
4 70006 70002 69992 69978 25
4 69972 69950 69913 69895 24
4 69887 69882 69838 69828 25
4 69786 69754 69716 69644 25
4 69610 69590 69587 69558 25
4 69554 69534 69531 69526 24
4 69487 69483 69479 69467 26
4 69451 69432 69405 69396 24
4 69379 69363 69342 69303 25
4 69270 69254 69252 69234 23
4 69233 69227 69205 69201 26
4 69163 69151 69134 69110 27
4 69066 69063 69053 69017 26
4 68911 68906 68905 68847 26
4 68846 68830 68799 68762 27
4 68738 68715 68712 68694 26
4 68687 68680 68677 68649 24
4 68617 68615 68607 68547 23
4 68546 68519 68510 68444 26
4 68391 68352 68349 68294 27
4 68280 68258 68252 68225 24
4 68223 68202 68199 68151 24
4 68137 68097 68096 68062 26
4 68059 68054 68053 68051 25
4 68030 68021 67999 67970 26
4 67967 67948 67933 67911 25
4 67879 67877 67846 67803 27
4 67751 67746 67724 67702 27
4 67700 67670 67630 67603 25
4 67582 67570 67532 67531 27
4 67506 67471 67453 67448 23
4 67423 67415 67412 67410 26
4 67382 67379 67342 67326 25
4 67311 67302 67279 67248 25
4 67246 67240 67206 67200 24
4 67192 67168 67155 67154 22
4 67148 67137 67112 67079 26
4 67071 67063 66995 66984 26
4 66975 66967 66961 66906 27
4 66868 66865 66855 66850 26
4 66825 66785 66757 66739 25
4 66701 66673 66657 66640 28
4 66605 66595 66556 66508 26
4 66506 66498 66480 66446 25
4 66440 66428 66419 66391 23
4 66353 66343 66335 66286 25
4 66173 66160 66139 66135 24
4 66128 66118 66105 66098 25
4 66095 66086 66034 66000 24
4 65996 65978 65966 65964 24
4 65919 65884 65858 65818 25
4 65799 65798 65790 65788 23
4 65780 65778 65775 65718 25
4 65711 65699 65692 65677 22
4 65650 65568 65546 65540 28
4 65494 65474 65473 65426 26
4 65401 65392 65321 65288 26
4 65278 65212 65158 65149 25
4 65146 65111 65104 65087 26
4 65063 65056 65029 65008 27
4 64956 64935 64911 64872 27
4 64857 64844 64827 64791 24
4 64718 64688 64687 64673 25
4 64645 64641 64591 64566 27
4 64557 64545 64534 64527 27
4 64525 64507 64487 64486 26
4 64431 64408 64401 64389 25
4 64374 64370 64363 64338 27
4 64331 64330 64278 64264 24
4 64262 64234 64119 64059 23
4 64030 63921 63906 63885 27
4 63869 63774 63771 63770 27
4 63753 63731 63693 63638 27
4 63633 63605 63585 63582 26
4 63580 63555 63533 63498 26
4 63487 63472 63464 63411 24
4 63404 63399 63394 63371 24
4 63326 63323 63313 63296 27
4 63278 63270 63199 63151 24
4 63084 63044 63029 62959 25
4 62949 62929 62906 62895 22
4 62881 62873 62811 62743 24
4 62733 62723 62675 62637 24
4 62587 62570 62569 62564 24
4 62538 62536 62447 62434 23
4 62428 62407 62395 62389 27
4 62369 62349 62328 62310 28
4 62255 62235 62221 62172 27
4 62158 62152 62126 62122 25
4 62047 62038 62037 62029 26
4 62026 62012 61949 61914 25
4 61902 61892 61883 61879 25
4 61859 61834 61796 61782 24
4 61780 61773 61769 61743 27
4 61742 61736 61733 61659 25
4 61647 61622 61545 61499 24
4 61494 61422 61401 61360 27
4 61326 61287 61271 61233 23
4 61199 61172 61165 61097 27
4 61063 61017 60983 60942 26
4 60916 60801 60792 60783 26
4 60765 60763 60762 60727 25
4 60724 60710 60679 60653 27
4 60620 60615 60605 60595 26
4 60559 60548 60542 60512 27
4 60500 60497 60495 60492 26
4 60445 60424 60397 60386 28
4 60373 60348 60326 60312 26
4 60273 60250 60236 60226 24
4 60126 60092 60083 60073 25
4 60043 60038 60031 60024 24
4 59994 59985 59951 59945 25
4 59904 59877 59832 59803 27
4 59760 59730 59729 59724 26
4 59713 59688 59686 59684 26
4 59674 59652 59600 59558 26
4 59530 59529 59501 59496 24
4 59478 59396 59388 59358 24
4 59338 59334 59311 59218 25
4 59174 59104 59100 59078 27
4 59065 59049 59038 59028 26
4 59007 59004 59003 58998 25
4 58996 58971 58960 58930 25
4 58917 58908 58875 58867 25
4 58821 58804 58799 58784 23
4 58690 58685 58679 58670 24
4 58669 58616 58614 58538 23
4 58517 58506 58488 58438 28
4 58426 58396 58392 58387 22
4 58364 58330 58315 58303 23
4 58190 58178 58170 58145 27
4 58130 58119 58111 58055 27
4 58046 58045 58031 58011 25
4 57986 57923 57909 57905 27
4 57897 57833 57818 57813 24
4 57807 57802 57781 57779 27
4 57758 57757 57756 57755 26
4 57734 57707 57695 57649 27
4 57638 57616 57595 57551 25
4 57547 57500 57499 57441 22
4 57416 57382 57342 57338 26
4 57274 57261 57255 57231 26
4 57205 57184 57181 57144 26
4 57137 57106 57090 57085 25
4 57080 56982 56977 56960 27
4 56949 56940 56906 56905 23
4 56904 56885 56840 56787 26
4 56747 56738 56718 56709 27
4 56699 56681 56678 56649 25
4 56644 56640 56617 56592 27
4 56588 56572 56453 56440 25
4 56439 56429 56383 56382 24
4 56379 56369 56317 56307 24
4 56299 56298 56292 56288 26
4 56250 56245 56223 56173 25
4 56148 56143 56110 56092 26
4 56078 56073 56057 56051 24
4 55985 55921 55915 55883 27
4 55872 55864 55779 55761 25
4 55734 55730 55713 55681 23
4 55660 55626 55625 55602 25
4 55579 55577 55575 55555 25
4 55541 55507 55498 55472 28
4 55430 55418 55376 55366 26
4 55318 55309 55280 55264 26
4 55263 55258 55249 55230 25
4 55209 55208 55184 55181 26
4 55152 55145 55143 55133 26
4 55111 55100 55097 55087 26
4 55077 55076 55061 55053 25
4 54951 54939 54924 54918 27
4 54892 54878 54874 54873 24
4 54863 54862 54850 54848 27
4 54779 54778 54753 54746 25
4 54713 54635 54623 54560 24
4 54492 54491 54488 54443 25
4 54423 54407 54367 54334 25
4 54333 54319 54313 54277 26
4 54261 54260 54207 54196 25
4 54148 54108 54088 54070 24
4 54069 54033 53996 53969 25
4 53936 53927 53901 53869 24
4 53863 53836 53831 53824 26
4 53808 53798 53779 53752 28
4 53731 53713 53712 53682 25
4 53646 53600 53589 53576 23
4 53538 53522 53495 53484 26
4 53419 53397 53395 53386 25
4 53378 53359 53265 53248 23
4 53236 53232 53215 53212 28
4 53170 53065 53057 53040 23
4 53038 52987 52894 52872 25
4 52849 52847 52826 52818 25
4 52814 52769 52715 52626 24
4 52594 52542 52526 52494 25
4 52483 52459 52434 52428 26
4 52416 52393 52390 52378 28
4 52355 52345 52318 52297 27
4 52242 52200 52197 52194 22
4 52181 52157 52155 52141 26
4 52126 52104 52084 52052 22
4 52043 52038 52003 51979 24
4 51967 51932 51898 51871 25
4 51816 51792 51770 51750 27
4 51748 51726 51699 51691 25
4 51678 51625 51618 51566 24
4 51564 51532 51502 51474 24
4 51462 51445 51395 51392 23
4 51384 51346 51314 51313 27
4 51307 51280 51214 51210 25
4 51182 51174 51170 51154 26
4 51102 51100 51018 50944 23
4 50917 50914 50883 50870 26
4 50851 50849 50840 50832 27
4 50797 50794 50733 50719 25
4 50703 50672 50663 50660 27
4 50637 50617 50592 50591 26
4 50518 50509 50494 50479 26
4 50419 50406 50372 50331 27
4 50327 50321 50312 50280 24
4 50279 50263 50257 50250 26
4 50240 50210 50184 50183 24
4 50182 50146 50128 50096 26
4 50071 50068 50019 49976 24
4 49973 49964 49950 49895 22
4 49865 49863 49828 49825 24
4 49824 49818 49803 49783 25
4 49780 49766 49765 49764 25
4 49709 49685 49674 49668 25
4 49665 49654 49652 49609 24
4 49606 49588 49580 49538 24
4 49481 49479 49436 49386 26
4 49371 49351 49332 49312 25
4 49298 49245 49230 49173 24
4 49162 49157 49154 49139 27
4 49138 49116 49112 49110 25
4 49081 49063 49062 49056 25
4 49048 49034 49028 49012 22
4 48972 48971 48959 48947 25
4 48895 48889 48852 48833 27
4 48814 48727 48701 48692 26
4 48675 48667 48644 48632 26
4 48585 48582 48516 48465 24
4 48461 48410 48386 48379 27
4 48372 48288 48279 48263 26
4 48252 48226 48186 48172 25
4 48163 48140 48123 48121 27
4 48112 48108 48103 48093 24
4 48088 48030 48022 47985 27
4 47968 47961 47943 47923 21
4 47898 47838 47831 47800 26
4 47778 47761 47755 47739 23
4 47656 47598 47587 47574 25
4 47565 47542 47496 47495 24
4 47484 47426 47357 47350 28
4 47337 47277 47255 47230 24
4 47218 47206 47191 47163 26
4 47129 47125 47112 47067 27
4 47053 47043 47020 46988 27
4 46953 46940 46936 46891 25
4 46888 46857 46851 46835 28
4 46739 46693 46643 46609 26
4 46608 46601 46597 46594 24
4 46574 46556 46540 46525 22
4 46465 46464 46453 46450 27
4 46437 46387 46350 46349 24
4 46309 46293 46292 46279 26
4 46230 46228 46222 46213 23
4 46211 46208 46201 46154 27
4 46096 46070 46050 46047 27
4 45994 45990 45984 45958 24
4 45912 45903 45764 45698 24
4 45697 45675 45645 45629 25
4 45628 45622 45618 45545 26
4 45479 45357 45329 45328 26
4 45278 45248 45239 45236 25
4 45213 45201 45179 45143 24
4 45142 45036 45009 44972 26
4 44947 44939 44929 44916 24
4 44910 44889 44882 44879 24
4 44861 44820 44813 44795 25
4 44776 44727 44691 44688 25
4 44672 44670 44658 44657 25
4 44637 44614 44585 44584 25
4 44580 44579 44572 44517 27
4 44473 44472 44464 44427 26
4 44404 44390 44377 44342 26
4 44337 44288 44280 44277 26
4 44274 44257 44256 44231 26
4 44226 44219 44218 44152 25
4 44127 44065 44064 44050 24
4 44039 44029 44027 44001 25
4 43941 43938 43935 43933 25
4 43931 43920 43872 43836 26
4 43781 43761 43747 43683 27
4 43666 43661 43642 43614 25
4 43579 43567 43529 43522 25
4 43436 43433 43422 43398 25
4 43378 43361 43360 43325 22
4 43295 43263 43256 43236 24
4 43233 43229 43227 43225 25
4 43205 43197 43195 43185 27
4 43175 43164 43100 43072 26
4 43047 43045 43012 43010 26
4 42979 42941 42922 42911 26
4 42884 42874 42847 42836 26
4 42835 42801 42766 42723 24
4 42721 42711 42669 42665 26
4 42632 42621 42609 42525 26
4 42508 42500 42477 42463 26
4 42434 42398 42376 42356 24
4 42341 42322 42282 42274 26
4 42241 42200 42174 42140 23
4 42103 42083 42071 42058 28
4 42040 42020 42016 41953 24
4 41854 41848 41824 41801 25
4 41755 41752 41732 41685 27
4 41676 41638 41615 41570 23
4 41567 41552 41531 41495 27
4 41432 41417 41404 41376 27
4 41361 41351 41339 41287 23
4 41264 41243 41234 41217 24
4 41186 41167 41126 41084 28
4 41083 41057 41049 41039 26
4 41025 40959 40926 40923 27
4 40864 40789 40757 40745 25
4 40694 40685 40682 40673 22
4 40665 40651 40650 40644 20
4 40624 40621 40617 40561 25
4 40560 40553 40551 40536 27
4 40489 40476 40444 40434 25
4 40422 40404 40392 40386 26
4 40385 40365 40358 40342 27
4 40324 40259 40195 40182 26
4 40163 40162 40092 40053 23
4 40034 40029 40014 39991 23
4 39989 39961 39926 39924 27
4 39917 39911 39868 39860 24
4 39825 39810 39791 39788 24
4 39784 39765 39738 39695 24
4 39691 39687 39661 39648 23
4 39639 39635 39603 39600 27
4 39555 39494 39481 39452 23
4 39440 39378 39333 39332 24
4 39329 39320 39273 39232 23
4 39225 39176 39174 39159 25
4 39130 39103 39100 39088 25
4 39086 39082 39073 39048 24
4 39035 39021 39004 39003 26
4 38965 38911 38902 38873 25
4 38862 38836 38805 38802 25
4 38801 38800 38780 38774 24
4 38762 38756 38749 38676 24
4 38658 38650 38599 38592 27
4 38568 38541 38512 38506 22
4 38449 38435 38430 38348 25
4 38340 38334 38325 38321 22
4 38259 38243 38242 38240 26
4 38233 38213 38204 38164 25
4 38152 38088 38066 38030 22
4 38007 37995 37987 37972 24
4 37968 37955 37933 37923 26
4 37908 37873 37858 37818 23
4 37816 37772 37703 37699 27
4 37684 37679 37631 37597 27
4 37579 37539 37532 37504 24
4 37467 37404 37317 37313 27
4 37311 37309 37259 37237 26
4 37221 37209 37199 37194 26
4 37176 37146 37143 37085 26
4 37056 37049 37003 36986 27
4 36959 36928 36915 36887 25
4 36833 36713 36693 36683 28
4 36671 36652 36616 36592 24
4 36581 36577 36549 36545 23
4 36514 36465 36444 36443 25
4 36437 36434 36414 36411 22
4 36408 36346 36329 36322 26
4 36289 36250 36244 36242 24
4 36202 36197 36099 36026 25
4 36002 35966 35926 35844 26
4 35832 35804 35795 35784 26
4 35742 35613 35600 35587 26
4 35568 35520 35480 35477 26
4 35366 35360 35206 35129 24
4 35105 35098 35061 35056 26
4 35033 35026 35025 35010 26
4 34999 34992 34965 34923 27
4 34915 34906 34860 34858 25
4 34845 34834 34832 34827 26
4 34811 34792 34791 34785 25
4 34772 34716 34713 34702 25
4 34680 34658 34648 34644 27
4 34627 34616 34597 34589 25
4 34581 34572 34557 34493 27
4 34478 34468 34452 34443 25
4 34435 34422 34401 34386 23
4 34379 34373 34337 34329 25
4 34320 34286 34241 34226 26
4 34207 34187 34174 34152 24
4 34127 34109 34103 34085 23
4 34084 34032 33981 33926 25
4 33925 33912 33902 33892 26
4 33876 33859 33802 33762 25
4 33759 33698 33677 33643 23
4 33641 33615 33592 33590 26
4 33582 33566 33551 33545 24
4 33542 33504 33465 33461 26
4 33442 33418 33412 33404 23
4 33401 33349 33278 33226 25
4 33189 33180 33162 33155 27
4 33123 33088 33048 33036 25
4 33031 33017 33003 33002 24
4 32996 32979 32950 32899 26
4 32896 32862 32855 32838 26
4 32824 32809 32806 32752 24
4 32745 32719 32702 32650 25
4 32647 32644 32623 32621 28
4 32600 32515 32512 32507 27
4 32474 32457 32439 32435 23
4 32421 32410 32382 32363 24
4 32317 32268 32236 32233 25
4 32222 32200 32198 32169 25
4 32141 32066 32052 32033 22
4 31999 31972 31950 31932 24
4 31900 31851 31845 31818 26
4 31807 31800 31796 31794 24
4 31758 31728 31705 31674 26
4 31632 31624 31610 31608 25
4 31569 31561 31535 31457 28
4 31448 31439 31436 31432 27
4 31405 31390 31345 31334 25
4 31330 31329 31298 31272 27
4 31269 31263 31243 31188 25
4 31187 31089 31058 31052 26
4 31046 31009 30990 30987 27
4 30946 30934 30921 30904 25
4 30885 30852 30849 30826 23
4 30765 30752 30713 30707 24
4 30702 30638 30629 30611 26
4 30572 30571 30568 30550 26
4 30542 30504 30459 30412 27
4 30384 30379 30365 30351 26
4 30318 30265 30196 30161 23
4 30157 30107 30068 30035 26
4 29973 29942 29940 29919 25
4 29889 29860 29840 29804 24
4 29796 29786 29783 29778 24
4 29769 29763 29729 29709 27
4 29671 29649 29622 29607 26
4 29596 29568 29541 29531 25
4 29523 29522 29504 29464 26
4 29429 29377 29353 29342 24
4 29310 29304 29288 29279 25
4 29243 29234 29215 29182 24
4 29154 29125 29100 29097 27
4 29096 29047 29017 29006 25
4 29001 28978 28971 28959 26
4 28950 28934 28930 28923 26
4 28920 28893 28891 28819 25
4 28780 28772 28768 28749 27
4 28732 28716 28706 28693 23
4 28634 28616 28609 28574 26
4 28516 28511 28438 28431 27
4 28421 28410 28407 28401 25
4 28392 28388 28387 28345 25
4 28295 28277 28254 28239 24
4 28229 28220 28218 28202 25
4 28196 28178 28173 28135 24
4 28121 27971 27968 27921 27
4 27873 27784 27781 27765 26
4 27704 27682 27614 27574 23
4 27572 27565 27528 27492 25
4 27475 27473 27472 27471 27
4 27467 27465 27461 27449 26
4 27428 27414 27337 27332 25
4 27293 27277 27268 27186 23
4 27182 27138 27094 27054 25
4 27051 27049 27037 27032 26
4 27020 27015 27002 27000 27
4 26992 26975 26971 26916 26
4 26910 26866 26855 26836 27
4 26830 26801 26737 26735 26
4 26698 26675 26570 26555 27
4 26504 26486 26425 26414 26
4 26342 26285 26224 26195 28
4 26174 26170 26147 26133 26
4 26119 26042 26002 25915 26
4 25886 25844 25842 25808 27
4 25780 25768 25746 25736 27
4 25719 25717 25692 25670 26
4 25666 25656 25632 25617 23
4 25616 25599 25569 25544 23
4 25527 25524 25498 25484 26
4 25472 25392 25386 25385 26
4 25324 25318 25312 25276 26
4 25266 25234 25186 25120 26
4 25064 25036 25033 24998 27
4 24994 24981 24973 24963 27
4 24949 24945 24886 24872 25
4 24834 24815 24782 24743 25
4 24734 24731 24679 24678 26
4 24662 24611 24581 24568 22
4 24545 24525 24503 24474 21
4 24469 24346 24336 24335 24
4 24315 24291 24261 24190 23
4 24168 24110 24099 24092 26
4 24091 24081 24067 24061 25
4 24010 24004 23978 23972 24
4 23968 23962 23927 23924 25
4 23923 23922 23917 23897 24
4 23893 23892 23883 23874 27
4 23857 23847 23754 23727 26
4 23707 23675 23600 23596 26
4 23580 23547 23545 23534 23
4 23522 23509 23475 23436 24
4 23411 23401 23376 23316 25
4 23260 23179 23104 23081 25
4 23036 23025 23017 23013 25
4 22979 22962 22954 22943 26
4 22941 22903 22897 22874 27
4 22858 22830 22829 22820 26
4 22819 22764 22748 22742 24
4 22733 22732 22711 22708 27
4 22673 22654 22636 22556 25
4 22555 22548 22532 22529 22
4 22509 22500 22496 22433 25
4 22430 22406 22388 22343 25
4 22327 22320 22284 22229 24
4 22219 22211 22205 22185 25
4 22136 22132 22121 22077 24
4 22047 22044 22036 22022 26
4 21994 21991 21989 21974 26
4 21952 21920 21845 21823 26
4 21815 21809 21799 21795 26
4 21788 21757 21677 21649 26
4 21634 21611 21600 21567 23
4 21545 21544 21537 21535 25
4 21475 21470 21457 21453 25
4 21427 21409 21398 21389 27
4 21380 21365 21345 21341 24
4 21318 21312 21305 21279 24
4 21229 21220 21205 21203 26
4 21201 21139 21013 21007 26
4 21004 20879 20863 20861 25
4 20835 20805 20784 20776 27
4 20770 20767 20758 20710 25
4 20698 20681 20680 20675 25
4 20661 20660 20623 20609 26
4 20590 20563 20531 20518 27
4 20408 20397 20395 20372 24
4 20337 20326 20303 20273 27
4 20250 20241 20201 20165 25
4 20102 20100 20099 20096 25
4 20038 20033 20013 19983 24
4 19958 19902 19866 19857 25
4 19853 19850 19826 19796 27
4 19786 19759 19754 19743 25
4 19737 19711 19641 19635 24
4 19596 19582 19536 19490 27
4 19451 19423 19332 19303 25
4 19298 19279 19229 19221 25
4 19218 19211 19195 19178 23
4 19155 19120 19102 19096 25
4 19090 19016 19002 18941 24
4 18938 18925 18909 18905 25
4 18896 18844 18779 18764 26
4 18704 18696 18661 18656 23
4 18645 18635 18634 18621 26
4 18608 18533 18519 18513 25
4 18508 18503 18490 18474 26
4 18463 18411 18408 18251 26
4 18247 18231 18230 18168 26
4 18117 18092 18080 18074 24
4 18046 18034 17953 17924 25
4 17920 17904 17899 17889 22
4 17884 17879 17860 17843 26
4 17838 17822 17812 17808 23
4 17768 17760 17718 17692 26
4 17690 17677 17663 17658 24
4 17612 17598 17514 17497 26
4 17353 17323 17263 17253 27
4 17219 17213 17166 17161 25
4 17143 17112 17047 17046 24
4 17045 17014 17006 16999 27
4 16991 16987 16969 16939 26
4 16898 16873 16871 16805 26
4 16755 16747 16721 16631 22
4 16557 16521 16450 16448 24
4 16433 16400 16391 16376 25
4 16357 16351 16332 16307 26
4 16283 16255 16227 16185 25
4 16152 16124 16108 16079 23
4 16074 16070 16029 16028 25
4 15995 15869 15861 15845 26
4 15839 15837 15811 15792 25
4 15791 15784 15782 15769 27
4 15729 15703 15685 15674 27
4 15673 15652 15647 15587 23
4 15582 15461 15418 15373 25
4 15367 15346 15337 15306 26
4 15211 15175 15162 15136 27
4 15131 15127 15082 15078 27
4 15057 14979 14966 14937 24
4 14927 14915 14896 14880 22
4 14848 14843 14839 14815 25
4 14809 14801 14718 14710 23
4 14651 14624 14622 14618 24
4 14590 14571 14548 14457 27
4 14439 14419 14412 14399 25
4 14375 14365 14361 14354 22
4 14328 14319 14291 14277 26
4 14259 14243 14241 14210 26
4 14202 14196 14123 14120 23
4 14082 14071 14037 14006 25
4 13986 13984 13971 13949 26
4 13922 13916 13876 13758 24
4 13704 13700 13698 13697 25
4 13688 13675 13673 13655 25
4 13644 13627 13618 13617 24
4 13608 13592 13588 13585 22
4 13584 13566 13557 13491 25
4 13432 13333 13309 13303 26
4 13299 13290 13268 13252 26
4 13200 13180 13178 13148 26
4 13142 13135 13097 13096 27
4 13093 13075 13050 13037 24
4 13010 12944 12939 12919 26
4 12884 12874 12856 12841 24
4 12810 12793 12752 12711 25
4 12700 12668 12648 12640 26
4 12625 12611 12582 12537 24
4 12530 12510 12489 12378 24
4 12376 12371 12367 12366 26
4 12328 12312 12299 12285 27
4 12273 12259 12241 12213 27
4 12206 12188 12186 12177 27
4 12173 12125 12107 12098 26
4 12079 12054 12017 11954 25
4 11940 11935 11909 11881 23
4 11867 11852 11833 11811 24
4 11773 11747 11702 11666 27
4 11644 11632 11625 11557 25
4 11533 11507 11503 11470 27
4 11461 11455 11400 11329 27
4 11284 11260 11210 11170 25
4 11101 11081 11018 11011 26
4 11001 10917 10862 10860 25
4 10840 10829 10805 10787 26
4 10777 10773 10702 10668 28
4 10661 10640 10619 10582 24
4 10579 10549 10536 10530 25
4 10513 10491 10474 10423 26
4 10394 10372 10357 10325 24
4 10309 10303 10290 10288 28
4 10276 10239 10237 10233 25
4 10231 10183 10166 10126 24
4 10104 10085 10081 10080 26
4 10066 10003 9991 9979 26
4 9969 9961 9959 9948 22
4 9943 9933 9926 9918 26
4 9916 9830 9807 9789 26
4 9766 9754 9725 9704 26
4 9687 9611 9606 9569 27
4 9560 9547 9514 9502 26
4 9468 9430 9355 9341 25
4 9260 9251 9247 9224 23
4 9212 9203 9190 9174 25
4 9163 9161 9137 9125 27
4 9106 9076 9066 9023 24
4 8991 8955 8950 8905 23
4 8893 8860 8841 8836 26
4 8816 8801 8787 8772 24
4 8751 8712 8688 8649 25
4 8639 8589 8571 8551 28
4 8547 8533 8520 8519 28
4 8490 8485 8482 8459 24
4 8445 8444 8425 8383 27
4 8370 8351 8337 8307 24
4 8274 8265 8259 8249 25
4 8206 8175 8154 8072 26
4 8055 8012 7997 7968 26
4 7938 7937 7925 7907 23
4 7888 7881 7836 7824 24
4 7803 7776 7770 7739 23
4 7737 7716 7710 7679 27
4 7671 7670 7664 7647 24
4 7561 7560 7498 7468 25
4 7455 7423 7410 7403 26
4 7394 7374 7358 7316 24
4 7310 7299 7288 7247 27
4 7226 7223 7207 7190 24
4 7187 7162 7111 7102 25
4 7076 7071 7070 7050 24
4 7028 7017 6986 6977 26
4 6918 6888 6882 6868 25
4 6821 6817 6816 6721 25
4 6707 6688 6667 6664 27
4 6648 6642 6566 6554 24
4 6517 6514 6494 6485 24
4 6484 6472 6458 6366 25
4 6361 6360 6339 6283 26
4 6239 6217 6166 6152 25
4 6143 6089 6078 6036 24
4 5993 5974 5969 5958 25
4 5934 5838 5815 5758 25
4 5741 5732 5656 5624 25
4 5620 5615 5601 5578 24
4 5577 5526 5513 5483 24
4 5470 5453 5394 5376 26
4 5326 5321 5315 5270 25
4 5247 5231 5143 5133 25
4 5132 5126 5102 5075 27
4 5018 4989 4974 4931 25
4 4922 4842 4806 4779 24
4 4734 4723 4673 4656 25
4 4576 4572 4560 4519 26
4 4479 4477 4408 4399 24
4 4377 4376 4365 4360 26
4 4357 4290 4265 4254 24
4 4229 4227 4199 4153 25
4 4147 4099 4047 4028 27
4 4027 3981 3919 3914 25
4 3900 3843 3842 3836 21
4 3833 3807 3790 3788 25
4 3771 3764 3761 3709 25
4 3661 3645 3642 3586 27
4 3503 3470 3428 3398 23
4 3375 3334 3293 3288 23
4 3281 3274 3257 3236 25
4 3220 3200 3179 3175 24
4 3150 3117 3115 3097 23
4 3078 3049 3047 3032 26
4 3015 3009 2964 2957 23
4 2955 2945 2901 2893 26
4 2886 2855 2805 2804 24
4 2798 2733 2728 2715 24
4 2700 2686 2678 2668 27
4 2646 2627 2615 2591 27
4 2563 2490 2434 2427 24
4 2420 2361 2331 2306 28
4 2294 2285 2275 2239 25
4 2238 2221 2214 2209 25
4 2185 2098 2096 2082 24
4 2032 2006 1976 1930 25
4 1919 1876 1828 1805 27
4 1802 1789 1703 1655 23
4 1609 1595 1587 1583 26
4 1552 1540 1510 1493 25
4 1489 1478 1472 1458 26
4 1392 1369 1361 1357 25
4 1356 1345 1343 1321 25
4 1290 1287 1264 1253 24
4 1251 1212 1163 1138 23
4 1124 1105 1084 1071 26
4 1063 1050 1048 987 28
4 901 896 894 836 24
4 830 827 784 705 25
4 695 664 614 607 25
4 552 551 547 517 25
4 511 484 475 450 24
4 416 330 311 308 25
4 269 246 237 180 23
4 147 143 123 75 25
4 73 58 49 27 26
4 99991 99984 99976 99974 21
4 99919 99911 99910 99909 22
4 99900 99896 99862 99854 20
4 99838 99834 99833 99832 24
4 99811 99808 99795 99761 23
4 99753 99744 99732 99717 22
4 99702 99690 99600 99581 21
4 99566 99533 99526 99518 21
4 99504 99494 99487 99478 20
4 99477 99452 99449 99426 21
4 99416 99409 99406 99397 20
4 99392 99386 99369 99358 22
4 99342 99300 99285 99278 23
4 99273 99238 99219 99200 21
4 99167 99108 99042 99040 22
4 99036 99023 99007 99000 20
4 98991 98982 98981 98904 22
4 98902 98900 98877 98876 20
4 98868 98867 98859 98858 22
4 98830 98796 98788 98786 22
4 98753 98751 98745 98736 23
4 98713 98687 98686 98660 22
4 98631 98626 98602 98592 23
4 98584 98561 98552 98538 21
4 98509 98442 98403 98383 22
4 98351 98335 98304 98283 21
4 98281 98261 98257 98247 18
4 98244 98236 98199 98188 20
4 98168 98146 98122 98082 23
4 98081 98071 98043 98041 19
4 98013 98003 97976 97962 21
4 97954 97950 97914 97909 22
4 97887 97881 97870 97856 22
4 97855 97848 97817 97808 22
4 97806 97771 97766 97748 24
4 97721 97693 97631 97608 23
4 97572 97569 97568 97547 21
4 97540 97536 97520 97515 23
4 97509 97499 97495 97466 20
4 97436 97434 97417 97386 20
4 97369 97361 97334 97333 21
4 97328 97322 97284 97281 20
4 97276 97266 97263 97255 21
4 97221 97217 97191 97185 21
4 97162 97128 97124 97123 23
4 97115 97102 97087 97086 20
4 97070 97060 97026 97011 24
4 96997 96938 96916 96913 22
4 96912 96881 96861 96835 20
4 96827 96825 96823 96805 22
4 96797 96790 96765 96762 22
4 96758 96756 96754 96722 21
4 96713 96675 96656 96622 23
4 96618 96603 96580 96565 23
4 96551 96547 96544 96501 21
4 96476 96462 96451 96444 23
4 96417 96397 96271 96245 24
4 96218 96182 96169 96163 24
4 96108 96105 96100 96082 20
4 96063 96055 96021 95996 24
4 95987 95984 95975 95960 22
4 95959 95941 95903 95873 19
4 95854 95845 95827 95800 23
4 95759 95736 95731 95706 21
4 95695 95663 95654 95642 23
4 95626 95611 95597 95556 24
4 95554 95538 95525 95512 20
4 95510 95484 95482 95479 24
4 95454 95447 95431 95395 21
4 95375 95368 95363 95360 23
4 95353 95327 95309 95286 20
4 95266 95234 95227 95196 20
4 95188 95165 95102 95099 22
4 95086 95044 94994 94989 24
4 94968 94921 94918 94872 21
4 94871 94855 94836 94826 20
4 94816 94813 94804 94795 22
4 94775 94735 94715 94705 23
4 94701 94685 94675 94668 22
4 94663 94658 94634 94630 19
4 94561 94532 94529 94517 20
4 94492 94465 94455 94454 23
4 94437 94411 94408 94383 24
4 94379 94377 94370 94369 20
4 94348 94313 94293 94268 24
4 94254 94236 94220 94217 24
4 94185 94155 94147 94126 23
4 94065 94036 93999 93996 20
4 93989 93940 93936 93910 21
4 93909 93871 93846 93816 24
4 93806 93804 93786 93780 24
4 93779 93775 93774 93748 21
4 93741 93721 93687 93657 22
4 93652 93625 93606 93594 19
4 93562 93556 93505 93456 23
4 93452 93447 93422 93411 23
4 93407 93394 93390 93361 22
4 93356 93341 93337 93334 20
4 93312 93295 93263 93262 20
4 93261 93250 93240 93238 23
4 93219 93175 93162 93145 20
4 93135 93126 93084 93081 21
4 93078 93062 93058 93037 22
4 92949 92910 92886 92875 20
4 92752 92738 92736 92704 24
4 92681 92664 92639 92616 22
4 92579 92571 92541 92535 21
4 92530 92518 92515 92452 23
4 92433 92402 92362 92357 22
4 92343 92331 92319 92318 22
4 92307 92303 92290 92228 21
4 92186 92181 92176 92160 20
4 92150 92073 92046 92030 24
4 92027 92007 92000 91996 23
4 91981 91979 91960 91942 22
4 91935 91928 91890 91884 23
4 91857 91821 91802 91772 21
4 91741 91730 91727 91700 21
4 91674 91642 91621 91612 22
4 91596 91591 91562 91545 23
4 91526 91514 91462 91451 22
4 91449 91448 91428 91416 24
4 91415 91409 91337 91332 21
4 91317 91309 91277 91250 20
4 91199 91147 91145 91140 23
4 91112 91097 91084 91080 22
4 91077 91071 91043 91010 23
4 90996 90972 90961 90874 22
4 90850 90843 90800 90790 21
4 90751 90743 90728 90708 21
4 90704 90686 90685 90682 21
4 90679 90676 90670 90649 22
4 90647 90640 90630 90616 19
4 90613 90602 90601 90595 21
4 90584 90583 90582 90543 20
4 90492 90484 90482 90462 21
4 90442 90432 90431 90413 23
4 90412 90408 90405 90390 22
4 90389 90382 90379 90358 23
4 90342 90335 90322 90298 24
4 90297 90289 90276 90273 22
4 90244 90242 90202 90200 24
4 90167 90142 90139 90132 22
4 90121 90115 90114 90100 21
4 90082 90049 90037 90025 22
4 89999 89987 89973 89948 22
4 89930 89926 89925 89899 22
4 89879 89847 89840 89836 23
4 89819 89799 89716 89714 21
4 89708 89662 89648 89628 22
4 89607 89596 89589 89576 23
4 89567 89561 89560 89559 24
4 89548 89516 89478 89437 21
4 89428 89395 89391 89340 24
4 89329 89326 89307 89296 23
4 89268 89266 89249 89240 22
4 89223 89185 89176 89172 22
4 89141 89136 89133 89132 23
4 89072 89069 89047 88999 22
4 88976 88967 88955 88939 24
4 88914 88910 88905 88865 22
4 88860 88849 88826 88825 24
4 88815 88804 88799 88796 22
4 88694 88693 88672 88647 24
4 88637 88634 88620 88609 22
4 88602 88599 88583 88579 23
4 88572 88567 88535 88531 22
4 88522 88512 88475 88473 22
4 88459 88452 88450 88428 22
4 88420 88409 88377 88364 21
4 88340 88336 88323 88321 24
4 88282 88276 88252 88237 22
4 88231 88218 88211 88206 18
4 88178 88170 88166 88152 21
4 88150 88140 88128 88122 22
4 88111 88098 88092 88065 20
4 88026 88021 87987 87975 21
4 87968 87960 87935 87923 23
4 87897 87881 87869 87868 21
4 87849 87844 87836 87789 22
4 87736 87732 87718 87651 22
4 87645 87629 87607 87583 20
4 87566 87498 87463 87436 22
4 87422 87378 87375 87362 20
4 87361 87339 87338 87335 22
4 87308 87303 87279 87248 20
4 87239 87236 87214 87205 22
4 87194 87172 87160 87152 20
4 87135 87134 87116 87115 23
4 87108 87106 87019 87006 22
4 86996 86986 86960 86955 21
4 86942 86929 86899 86878 23
4 86857 86844 86811 86779 22
4 86777 86753 86747 86736 21
4 86735 86717 86691 86690 24
4 86662 86659 86644 86638 22
4 86630 86595 86576 86575 22
4 86551 86493 86483 86404 21
4 86400 86391 86377 86375 22
4 86371 86356 86348 86329 22
4 86307 86297 86274 86233 22
4 86199 86191 86150 86146 19
4 86088 86078 86074 86068 20
4 86022 86019 85995 85988 22
4 85983 85979 85976 85967 24
4 85948 85941 85939 85931 24
4 85902 85895 85876 85868 21
4 85824 85786 85748 85731 22
4 85691 85673 85660 85655 21
4 85623 85604 85600 85579 22
4 85548 85515 85513 85502 22
4 85495 85493 85486 85479 23
4 85465 85463 85435 85425 23
4 85421 85403 85372 85369 22
4 85366 85361 85336 85296 23
4 85292 85275 85272 85266 22
4 85252 85222 85215 85151 21
4 85148 85137 85119 85103 21
4 85085 85078 85055 85050 22
4 85040 85038 85014 84962 20
4 84947 84943 84935 84924 22
4 84923 84898 84881 84866 20
4 84859 84801 84791 84768 24
4 84765 84761 84755 84746 21
4 84707 84701 84659 84642 20
4 84627 84622 84567 84554 23
4 84552 84523 84504 84474 22
4 84453 84430 84419 84399 22
4 84366 84362 84330 84315 21
4 84287 84279 84266 84258 21
4 84239 84233 84230 84223 23
4 84199 84188 84187 84153 24
4 84126 84118 84117 84097 21
4 84090 84082 84081 84063 21
4 84059 84056 84035 84016 23
4 84002 83989 83980 83944 22
4 83929 83902 83833 83819 22
4 83818 83812 83799 83794 21
4 83784 83752 83744 83737 22
4 83720 83719 83716 83678 21
4 83669 83641 83625 83615 23
4 83599 83597 83595 83587 22
4 83582 83561 83516 83512 22
4 83499 83475 83460 83439 21
4 83435 83392 83389 83363 20
4 83329 83309 83282 83237 22
4 83229 83222 83213 83204 20
4 83185 83165 83155 83151 23
4 83119 83078 83072 82993 21
4 82992 82990 82984 82960 21
4 82931 82884 82877 82838 23
4 82821 82804 82799 82798 20
4 82789 82730 82711 82698 19
4 82697 82694 82687 82659 21
4 82657 82632 82614 82587 23
4 82584 82576 82563 82555 21
4 82516 82512 82501 82490 21
4 82432 82365 82351 82344 20
4 82314 82299 82294 82266 21
4 82216 82207 82182 82155 21
4 82137 82111 82081 82066 24
4 82051 82046 82034 82027 20
4 82023 82020 82014 82013 19
4 81972 81957 81954 81946 23
4 81934 81922 81862 81855 22
4 81851 81843 81836 81806 23
4 81792 81777 81775 81764 22
4 81747 81735 81664 81662 24
4 81652 81639 81633 81627 20
4 81616 81614 81613 81598 21
4 81597 81576 81532 81481 21
4 81473 81457 81439 81431 21
4 81413 81408 81402 81357 21
4 81353 81326 81324 81305 22
4 81292 81273 81260 81256 21
4 81253 81232 81190 81185 23
4 81162 81141 81132 81109 21
4 81096 81087 81069 81051 23
4 81031 81024 81022 81000 21
4 80986 80975 80907 80880 23
4 80875 80854 80843 80842 22
4 80807 80806 80799 80752 21
4 80749 80737 80714 80711 22
4 80700 80646 80597 80548 22
4 80521 80519 80475 80465 21
4 80430 80421 80394 80393 20
4 80371 80354 80345 80332 24
4 80327 80323 80321 80301 22
4 80300 80299 80277 80271 21
4 80244 80235 80211 80164 20
4 80147 80074 80063 80056 23
4 80048 80018 80016 80011 22
4 80005 79982 79981 79967 22
4 79933 79923 79913 79892 21
4 79854 79847 79841 79838 20
4 79832 79826 79789 79779 24
4 79763 79760 79705 79685 20
4 79683 79671 79666 79662 23
4 79654 79640 79611 79595 21
4 79584 79566 79558 79556 23
4 79555 79537 79517 79514 22
4 79508 79505 79458 79455 22
4 79437 79391 79385 79383 22
4 79350 79347 79329 79293 23
4 79284 79282 79221 79208 20
4 79202 79200 79184 79183 21
4 79106 79082 79073 79062 23
4 79033 79032 79014 78990 21
4 78971 78935 78925 78899 23
4 78891 78889 78873 78862 22
4 78849 78848 78742 78739 21
4 78738 78736 78731 78705 24
4 78672 78664 78654 78645 23
4 78557 78553 78548 78537 21
4 78536 78516 78505 78487 23
4 78483 78443 78423 78418 24
4 78413 78410 78402 78392 23
4 78390 78373 78348 78323 22
4 78310 78308 78296 78285 22
4 78255 78232 78205 78182 23
4 78171 78167 78155 78151 19
4 78132 78120 78107 78079 23
4 78077 78037 78015 78001 24
4 77992 77927 77913 77895 24
4 77889 77882 77865 77858 22
4 77849 77830 77825 77803 22
4 77798 77778 77766 77759 24
4 77752 77750 77743 77655 22
4 77626 77620 77588 77586 20
4 77568 77567 77548 77509 23
4 77506 77505 77490 77460 24
4 77428 77426 77418 77398 19
4 77377 77371 77347 77342 24
4 77339 77325 77296 77266 21
4 77261 77235 77182 77148 23
4 77141 77127 77087 77082 21
4 77062 77048 77036 77016 21
4 77001 76993 76978 76957 22
4 76909 76851 76850 76840 20
4 76839 76799 76787 76749 22
4 76730 76723 76715 76709 20
4 76671 76652 76624 76616 23
4 76597 76585 76570 76559 22
4 76492 76490 76485 76460 22
4 76437 76436 76399 76381 23
4 76377 76370 76347 76345 20
4 76343 76301 76288 76261 21
4 76241 76158 76147 76131 21
4 76129 76126 76065 76020 23
4 76007 75988 75974 75954 20
4 75938 75906 75885 75877 21
4 75868 75866 75857 75856 22
4 75845 75843 75781 75764 22
4 75758 75750 75746 75740 22
4 75716 75710 75667 75663 21
4 75645 75640 75574 75571 24
4 75565 75560 75547 75528 23
4 75512 75499 75485 75483 22
4 75454 75418 75410 75402 22
4 75399 75378 75369 75365 23
4 75353 75339 75333 75326 21
4 75318 75290 75268 75252 23
4 75246 75241 75210 75202 23
4 75201 75193 75191 75189 22
4 75188 75146 75143 75139 23
4 75136 75134 75123 75121 23
4 75106 75089 75083 75082 21
4 75054 75021 75006 74966 23
4 74956 74949 74932 74930 22
4 74927 74921 74900 74899 22
4 74892 74890 74881 74876 23
4 74864 74853 74833 74803 21
4 74797 74783 74765 74750 19
4 74734 74709 74700 74683 21
4 74675 74665 74662 74653 21
4 74651 74647 74602 74601 23
4 74589 74585 74575 74563 20
4 74560 74514 74485 74473 22
4 74453 74434 74391 74364 23
4 74287 74279 74262 74247 24
4 74235 74231 74215 74203 22
4 74197 74165 74151 74147 22
4 74090 74082 74081 74066 22
4 74064 74050 74045 74043 19
4 74011 73997 73994 73989 21
4 73952 73941 73937 73927 22
4 73904 73902 73889 73885 21
4 73877 73873 73861 73857 22
4 73828 73813 73798 73792 20
4 73791 73754 73751 73750 24
4 73737 73733 73713 73697 23
4 73675 73662 73634 73592 21
4 73579 73570 73567 73536 22
4 73491 73413 73402 73392 23
4 73386 73377 73365 73329 22
4 73327 73319 73248 73201 23
4 73193 73186 73148 73133 24
4 73129 73115 73105 73095 21
4 73081 73053 73043 73024 22
4 73009 73000 72988 72981 20
4 72957 72915 72892 72887 19
4 72874 72854 72844 72813 22
4 72809 72765 72754 72748 21
4 72737 72704 72697 72684 22
4 72664 72659 72640 72638 20
4 72634 72594 72593 72590 23
4 72584 72554 72552 72543 21
4 72514 72468 72463 72454 22
4 72439 72432 72406 72405 23
4 72401 72399 72384 72365 22
4 72360 72319 72312 72298 20
4 72260 72247 72245 72192 21
4 72171 72151 72150 72130 23
4 72126 72123 72115 72106 19
4 72054 71953 71950 71948 23
4 71937 71913 71909 71908 23
4 71903 71895 71892 71886 21
4 71885 71875 71865 71838 23
4 71831 71830 71829 71828 21
4 71809 71803 71792 71772 24
4 71681 71653 71623 71576 20
4 71573 71553 71547 71540 21
4 71538 71491 71485 71477 23
4 71476 71469 71455 71389 23
4 71387 71367 71357 71345 21
4 71331 71319 71308 71306 22
4 71286 71282 71237 71235 22
4 71198 71185 71167 71154 24
4 71141 71128 71125 71082 22
4 71063 71042 71037 71031 20
4 70999 70996 70970 70930 21
4 70923 70909 70907 70891 21
4 70871 70852 70846 70842 22
4 70806 70789 70747 70742 22
4 70741 70735 70708 70702 20
4 70696 70686 70660 70656 22
4 70643 70620 70581 70526 22
4 70510 70471 70457 70452 20
4 70435 70424 70411 70380 22
4 70374 70365 70353 70340 21
4 70321 70285 70267 70241 20
4 70237 70231 70130 70124 23
4 70110 70097 70088 70085 22
4 70071 70067 70064 70057 23
4 70042 70034 70032 70027 21
4 70010 69995 69993 69960 22
4 69943 69941 69915 69914 20
4 69908 69903 69883 69877 24
4 69873 69861 69826 69781 20
4 69772 69763 69743 69672 22
4 69642 69613 69600 69593 22
4 69582 69574 69557 69547 22
4 69540 69532 69523 69517 21
4 69475 69458 69455 69447 22
4 69436 69410 69402 69334 24
4 69323 69310 69309 69299 23
4 69298 69288 69282 69242 22
4 69239 69224 69191 69190 22
4 69171 69126 69111 69095 22
4 69077 69070 69025 69019 21
4 69013 69006 68962 68960 22
4 68951 68938 68937 68928 22
4 68909 68904 68858 68852 22
4 68836 68818 68810 68759 20
4 68732 68682 68609 68608 23
4 68606 68590 68538 68524 23
4 68523 68484 68439 68431 22
4 68429 68426 68413 68407 22
4 68401 68398 68369 68340 22
4 68333 68329 68325 68299 20
4 68289 68286 68243 68238 24
4 68237 68230 68206 68175 21
4 68093 68076 68034 68026 20
4 68023 67989 67984 67979 22
4 67936 67924 67921 67894 21
4 67858 67848 67813 67811 22
4 67808 67787 67784 67768 22
4 67766 67758 67756 67755 22
4 67752 67750 67699 67698 23
4 67676 67655 67636 67633 20
4 67618 67609 67585 67580 23
4 67540 67523 67509 67484 23
4 67467 67460 67451 67446 24
4 67428 67422 67416 67403 21
4 67387 67373 67307 67304 22
4 67284 67265 67256 67202 21
4 67196 67191 67183 67165 22
4 67158 67144 67123 67106 22
4 67070 67053 67047 67046 20
4 67010 67009 66990 66960 22
4 66935 66915 66896 66874 21
4 66818 66809 66771 66765 23
4 66747 66738 66702 66692 22
4 66674 66664 66659 66654 24
4 66649 66599 66585 66550 23
4 66523 66519 66514 66482 21
4 66473 66465 66455 66450 22
4 66423 66422 66413 66396 22
4 66388 66384 66369 66341 22
4 66331 66330 66305 66299 21
4 66292 66282 66276 66274 20
4 66270 66261 66238 66236 21
4 66219 66213 66211 66203 23
4 66202 66196 66181 66145 22
4 66091 66082 66077 66049 21
4 66031 66030 65945 65935 22
4 65922 65909 65899 65898 23
4 65851 65837 65816 65794 22
4 65787 65779 65772 65771 22
4 65766 65678 65639 65625 23
4 65605 65579 65575 65551 21
4 65524 65504 65497 65492 24
4 65491 65448 65434 65427 23
4 65425 65424 65416 65388 18
4 65362 65316 65282 65249 21
4 65233 65231 65209 65204 21
4 65199 65196 65173 65166 23
4 65112 65052 65039 65038 21
4 65023 65005 64929 64922 23
4 64918 64900 64890 64883 22
4 64877 64870 64824 64820 21
4 64818 64805 64788 64785 22
4 64783 64772 64749 64728 20
4 64717 64693 64648 64625 22
4 64616 64597 64588 64548 21
4 64546 64538 64485 64479 23
4 64468 64464 64461 64446 23
4 64427 64405 64404 64384 22
4 64379 64362 64360 64334 22
4 64282 64227 64215 64195 23
4 64191 64151 64120 64103 22
4 64102 64058 64044 64036 22
4 64023 63983 63979 63976 22
4 63971 63970 63930 63905 23
4 63889 63872 63864 63852 21
4 63823 63810 63765 63761 22
4 63721 63695 63694 63688 23
4 63683 63648 63636 63629 24
4 63618 63613 63591 63584 24
4 63578 63576 63573 63563 23
4 63534 63528 63474 63469 20
4 63465 63454 63437 63432 22
4 63383 63375 63336 63325 22
4 63320 63310 63305 63277 23
4 63246 63244 63221 63215 23
4 63181 63175 63173 63155 21
4 63126 63121 63113 63110 20
4 63098 63082 63065 63054 20
4 63040 63030 63006 62992 21
4 62985 62977 62956 62916 22
4 62891 62880 62870 62869 21
4 62836 62825 62788 62778 23
4 62753 62714 62688 62674 24
4 62655 62652 62622 62617 21
4 62616 62604 62601 62590 21
4 62586 62553 62520 62516 23
4 62504 62471 62452 62446 22
4 62432 62415 62409 62343 23
4 62326 62318 62315 62288 22
4 62271 62234 62227 62223 21
4 62189 62170 62162 62124 22
4 62118 62082 62063 62059 22
4 62058 62048 62002 61996 21
4 61972 61961 61946 61937 22
4 61924 61917 61899 61891 22
4 61868 61854 61826 61823 22
4 61785 61771 61734 61715 21
4 61690 61684 61676 61673 21
4 61661 61621 61593 61570 19
4 61524 61512 61498 61495 22
4 61481 61480 61473 61472 22
4 61437 61424 61419 61402 22
4 61375 61372 61359 61332 23
4 61325 61310 61293 61270 21
4 61267 61253 61249 61234 24
4 61168 61163 61118 61105 23
4 61081 61058 61053 61043 22
4 61033 60987 60970 60968 22
4 60958 60945 60930 60928 23
4 60924 60905 60902 60901 22
4 60854 60848 60827 60815 20
4 60808 60789 60784 60781 21
4 60764 60759 60743 60714 21
4 60713 60704 60651 60637 23
4 60626 60624 60600 60597 22
4 60588 60580 60573 60565 21
4 60558 60550 60535 60482 24
4 60448 60446 60425 60400 22
4 60361 60353 60349 60316 22
4 60313 60306 60294 60285 20
4 60280 60272 60209 60137 24
4 60131 60098 60086 60056 21
4 60042 60041 60028 60027 22
4 59995 59987 59961 59948 20
4 59942 59905 59899 59891 21
4 59866 59860 59853 59785 22
4 59773 59772 59771 59763 24
4 59761 59699 59637 59630 24
4 59567 59536 59526 59481 21
4 59449 59443 59407 59405 22
4 59376 59370 59347 59346 22
4 59307 59305 59300 59268 23
4 59251 59234 59230 59222 24
4 59210 59208 59168 59166 22
4 59157 59144 59142 59113 23
4 59107 59077 59073 59063 22
4 59059 59053 59052 58991 23
4 58990 58978 58974 58972 22
4 58950 58946 58911 58905 21
4 58887 58847 58837 58816 22
4 58802 58801 58793 58780 24
4 58762 58745 58712 58687 24
4 58674 58671 58641 58629 23
4 58598 58570 58556 58540 23
4 58527 58510 58491 58482 21
4 58477 58466 58463 58453 22
4 58443 58441 58434 58430 22
4 58381 58352 58336 58294 21
4 58259 58231 58218 58200 20
4 58195 58132 58129 58122 20
4 58112 58097 58083 58081 23
4 58076 58062 58037 58025 22
4 57988 57985 57983 57979 20
4 57961 57947 57906 57858 22
4 57855 57840 57799 57772 20
4 57770 57768 57765 57754 20
4 57731 57715 57684 57678 23
4 57672 57651 57613 57606 18
4 57602 57572 57566 57539 22
4 57527 57525 57520 57517 23
4 57503 57497 57468 57467 18
4 57385 57372 57355 57352 21
4 57284 57260 57251 57246 22
4 57228 57216 57215 57186 23
4 57182 57177 57072 57047 20
4 57045 57029 57027 57023 22
4 57007 56990 56976 56942 21
4 56937 56927 56911 56898 23
4 56878 56847 56829 56827 23
4 56823 56796 56790 56750 22
4 56744 56711 56692 56690 20
4 56688 56686 56677 56666 22
4 56664 56637 56631 56604 22
4 56579 56570 56567 56562 23
4 56559 56490 56456 56443 22
4 56442 56415 56412 56411 19
4 56407 56384 56365 56355 24
4 56322 56315 56283 56234 23
4 56219 56214 56213 56199 22
4 56185 56165 56154 56152 23
4 56140 56138 56129 56096 23
4 56050 56031 56004 55987 23
4 55980 55959 55957 55937 23
4 55927 55920 55897 55888 21
4 55859 55854 55844 55835 24
4 55830 55802 55793 55784 21
4 55763 55755 55641 55639 22
4 55635 55612 55611 55596 24
4 55585 55565 55546 55524 20
4 55483 55479 55476 55438 22
4 55417 55397 55378 55338 23
4 55294 55286 55275 55267 21
4 55245 55224 55164 55159 23
4 55150 55119 55088 55079 19
4 55054 55030 55027 55026 20
4 55006 54995 54989 54974 21
4 54962 54949 54914 54913 21
4 54877 54828 54785 54773 20
4 54765 54744 54740 54735 22
4 54733 54716 54694 54688 21
4 54682 54678 54664 54648 22
4 54640 54622 54603 54592 23
4 54583 54581 54576 54548 21
4 54527 54446 54431 54410 23
4 54404 54384 54374 54351 22
4 54312 54311 54300 54297 21
4 54296 54286 54281 54233 21
4 54226 54218 54198 54171 21
4 54166 54160 54155 54119 23
4 54117 54075 54067 54055 20
4 54053 54048 54037 54021 21
4 53994 53964 53956 53943 23
4 53914 53912 53904 53886 21
4 53882 53867 53861 53858 22
4 53856 53832 53828 53803 21
4 53799 53778 53772 53765 23
4 53764 53757 53740 53654 22
4 53641 53632 53617 53611 21
4 53551 53540 53534 53489 22
4 53488 53463 53461 53458 22
4 53453 53426 53421 53401 23
4 53368 53331 53317 53309 23
4 53302 53299 53289 53284 23
4 53282 53258 53256 53237 20
4 53226 53207 53190 53186 22
4 53181 53169 53158 53148 20
4 53138 53089 53082 53075 24
4 53066 53047 53019 53005 21
4 52990 52981 52974 52948 21
4 52946 52945 52939 52936 22
4 52919 52893 52854 52842 23
4 52840 52822 52784 52757 23
4 52750 52742 52722 52700 24
4 52683 52673 52672 52648 23
4 52645 52636 52621 52581 22
4 52558 52537 52534 52502 22
4 52489 52478 52471 52469 21
4 52466 52448 52424 52413 22
4 52399 52380 52354 52350 22
4 52328 52286 52284 52273 21
4 52264 52252 52234 52183 22
4 52173 52172 52164 52153 23
4 52128 52089 52085 52072 22
4 52059 52032 52007 51977 23
4 51959 51956 51943 51942 24
4 51908 51905 51900 51895 23
4 51892 51891 51886 51872 24
4 51813 51812 51803 51791 21
4 51775 51767 51759 51753 21
4 51732 51671 51654 51641 21
4 51634 51619 51610 51605 24
4 51601 51580 51576 51554 20
4 51552 51543 51483 51472 20
4 51460 51423 51401 51383 21
4 51373 51357 51352 51328 22
4 51323 51303 51297 51294 23
4 51273 51269 51268 51253 23
4 51235 51229 51206 51192 21
4 51156 51155 51152 51139 23
4 51137 51131 51121 51120 22
4 51112 51058 51033 51027 20
4 51013 51006 50994 50988 23
4 50965 50957 50956 50953 24
4 50925 50920 50858 50846 22
4 50831 50825 50778 50772 22
4 50753 50738 50737 50727 22
4 50722 50710 50676 50673 22
4 50638 50631 50619 50615 21
4 50578 50576 50574 50542 24
4 50541 50540 50527 50496 23
4 50493 50466 50458 50457 23
4 50418 50403 50395 50380 21
4 50311 50306 50293 50292 24
4 50268 50249 50243 50238 23
4 50231 50229 50221 50211 24
4 50133 50124 50110 50107 21
4 50104 50091 50061 50008 24
4 50002 49982 49968 49938 23
4 49933 49929 49920 49910 23
4 49889 49874 49868 49862 23
4 49822 49819 49768 49737 23
4 49731 49726 49723 49722 21
4 49715 49698 49690 49687 23
4 49684 49676 49672 49635 22
4 49624 49596 49575 49542 24
4 49540 49514 49501 49498 23
4 49472 49471 49458 49453 21
4 49452 49450 49422 49382 21
4 49374 49357 49352 49331 21
4 49291 49270 49232 49223 21
4 49221 49218 49213 49177 23
4 49158 49148 49147 49136 19
4 49130 49117 49092 49091 20
4 49073 49065 49030 49011 22
4 49000 48992 48957 48956 23
4 48918 48914 48872 48858 22
4 48829 48828 48822 48765 22
4 48758 48754 48753 48749 22
4 48748 48743 48687 48672 22
4 48648 48647 48622 48621 24
4 48598 48578 48572 48549 23
4 48547 48533 48526 48522 22
4 48521 48513 48511 48509 23
4 48506 48499 48433 48426 23
4 48401 48378 48343 48282 21
4 48272 48269 48267 48253 21
4 48171 48133 48116 48081 22
4 48063 48058 48024 48010 24
4 48007 47997 47966 47945 23
4 47928 47906 47902 47877 20
4 47873 47863 47862 47840 21
4 47832 47825 47817 47815 22
4 47806 47805 47796 47746 21
4 47726 47703 47669 47664 22
4 47658 47639 47638 47604 19
4 47589 47527 47518 47493 22
4 47492 47479 47475 47436 22
4 47433 47412 47411 47394 23
4 47383 47372 47363 47356 23
4 47333 47315 47314 47271 23
4 47269 47268 47217 47186 23
4 47180 47165 47148 47143 21
4 47133 47122 47118 47070 22
4 47055 47032 47010 46980 21
4 46956 46903 46860 46848 21
4 46820 46813 46797 46793 24
4 46787 46777 46767 46754 21
4 46750 46736 46731 46720 20
4 46713 46699 46698 46696 21
4 46679 46666 46661 46651 24
4 46644 46627 46614 46603 20
4 46568 46539 46502 46491 23
4 46486 46472 46470 46446 23
4 46442 46429 46420 46418 23
4 46406 46351 46277 46254 22
4 46212 46206 46203 46157 22
4 46128 46125 46114 46105 23
4 46091 46081 46059 46044 23
4 46014 46002 45996 45987 22
4 45979 45946 45942 45900 22
4 45888 45877 45869 45868 22
4 45866 45826 45816 45811 23
4 45796 45791 45778 45738 22
4 45694 45680 45676 45673 20
4 45662 45638 45625 45608 22
4 45580 45569 45568 45491 21
4 45480 45469 45456 45438 23
4 45430 45429 45427 45413 22
4 45394 45391 45332 45314 23
4 45280 45267 45263 45245 22
4 45224 45218 45214 45208 21
4 45195 45188 45182 45171 23
4 45166 45149 45123 45114 23
4 45072 45069 45039 45005 23
4 44998 44985 44979 44970 21
4 44949 44944 44904 44855 24
4 44847 44844 44828 44778 21
4 44771 44760 44752 44751 21
4 44749 44704 44696 44692 23
4 44690 44686 44685 44665 22
4 44660 44638 44569 44564 23
4 44545 44484 44433 44432 23
4 44350 44343 44336 44325 20
4 44312 44306 44289 44284 23
4 44275 44268 44207 44203 22
4 44166 44137 44136 44099 22
4 44092 44036 44019 44008 21
4 43930 43908 43905 43870 23
4 43845 43843 43840 43791 20
4 43789 43756 43746 43709 22
4 43705 43697 43638 43625 22
4 43607 43605 43589 43576 22
4 43544 43528 43526 43485 23
4 43483 43482 43425 43401 23
4 43392 43390 43384 43373 21
4 43356 43355 43346 43332 22
4 43316 43296 43247 43245 24
4 43223 43203 43167 43166 21
4 43159 43153 43149 43137 22
4 43101 43088 43064 43020 22
4 42994 42992 42973 42948 23
4 42945 42935 42876 42875 21
4 42867 42865 42854 42833 22
4 42797 42788 42780 42774 23
4 42761 42756 42753 42750 21
4 42742 42724 42717 42676 22
4 42674 42651 42642 42623 21
4 42612 42598 42597 42570 20
4 42552 42503 42486 42480 22
4 42478 42475 42471 42464 21
4 42425 42409 42407 42331 24
4 42311 42309 42288 42283 22
4 42266 42249 42237 42228 23
4 42219 42218 42211 42209 21
4 42207 42189 42149 42145 21
4 42138 42105 42079 42066 21
4 42059 42048 42019 41998 23
4 41982 41981 41977 41964 21
4 41946 41929 41913 41901 20
4 41893 41888 41885 41855 19
4 41816 41813 41782 41737 22
4 41734 41733 41726 41722 20
4 41698 41686 41683 41664 21
4 41632 41624 41601 41593 22
4 41573 41569 41555 41522 20
4 41515 41505 41499 41482 24
4 41431 41426 41411 41406 23
4 41405 41372 41369 41341 22
4 41326 41210 41198 41177 22
4 41155 41148 41146 41134 21
4 41120 41081 41072 41053 22
4 41030 41029 40966 40931 23
4 40910 40906 40893 40891 23
4 40886 40847 40829 40824 23
4 40822 40814 40776 40768 20
4 40756 40747 40687 40663 22
4 40661 40643 40642 40637 21
4 40636 40614 40590 40582 22
4 40580 40520 40517 40516 22
4 40500 40493 40487 40483 23
4 40448 40423 40400 40397 22
4 40360 40341 40319 40283 23
4 40236 40214 40190 40170 19
4 40161 40158 40157 40150 21
4 40131 40072 40011 40000 23
4 39995 39992 39990 39963 20
4 39960 39912 39909 39897 21
4 39874 39794 39792 39786 21
4 39783 39719 39686 39685 23
4 39674 39668 39663 39655 23
4 39643 39642 39638 39552 22
4 39544 39528 39491 39438 20
4 39434 39406 39403 39381 23
4 39379 39375 39364 39357 24
4 39339 39336 39301 39296 22
4 39287 39278 39266 39245 21
4 39240 39228 39227 39191 21
4 39190 39186 39158 39129 21
4 39095 39093 39078 39053 22
4 39052 39009 39005 39000 21
4 38995 38981 38914 38908 24
4 38896 38856 38850 38849 20
4 38845 38834 38833 38832 24
4 38803 38795 38793 38784 21
4 38770 38728 38717 38711 20
4 38682 38672 38652 38644 22
4 38639 38630 38622 38608 22
4 38578 38577 38574 38544 21
4 38531 38482 38473 38465 21
4 38463 38440 38357 38353 23
4 38342 38312 38310 38295 23
4 38284 38283 38273 38261 24
4 38253 38248 38236 38229 21
4 38227 38223 38210 38196 21
4 38193 38192 38190 38177 22
4 38160 38063 38050 38031 23
4 38028 38024 38005 38004 23
4 37998 37946 37935 37927 21
4 37901 37892 37877 37839 22
4 37821 37765 37733 37725 23
4 37720 37696 37670 37658 22
4 37618 37604 37598 37581 24
4 37565 37553 37523 37503 22
4 37470 37461 37452 37450 22
4 37440 37417 37358 37329 20
4 37326 37320 37316 37263 19
4 37251 37223 37196 37160 24
4 37138 37134 37100 37072 22
4 37068 37059 37058 37052 22
4 37032 36935 36911 36902 21
4 36831 36803 36796 36773 23
4 36747 36734 36623 36613 22
4 36604 36601 36588 36584 22
4 36576 36575 36539 36525 21
4 36515 36447 36407 36393 23
4 36341 36340 36334 36325 22
4 36317 36312 36274 36264 22
4 36232 36222 36217 36215 21
4 36195 36184 36180 36179 23
4 36168 36155 36132 36127 21
4 36119 36082 36073 36049 22
4 36042 36041 36030 36024 20
4 36022 36012 35993 35989 22
4 35922 35910 35905 35890 21
4 35881 35862 35859 35826 20
4 35799 35768 35754 35750 22
4 35730 35728 35719 35692 23
4 35688 35676 35656 35650 23
4 35641 35638 35634 35618 21
4 35574 35570 35560 35519 22
4 35469 35464 35460 35443 24
4 35440 35432 35429 35416 22
4 35406 35382 35361 35359 22
4 35355 35352 35322 35317 24
4 35313 35311 35260 35210 23
4 35207 35203 35194 35184 23
4 35158 35156 35149 35114 24
4 35096 35091 35071 35055 21
4 35041 35030 34990 34969 22
4 34960 34913 34896 34881 21
4 34876 34875 34850 34826 24
4 34817 34753 34741 34730 23
4 34723 34696 34695 34691 23
4 34671 34670 34669 34662 22
4 34653 34628 34610 34605 24
4 34571 34562 34556 34533 22
4 34513 34507 34506 34477 20
4 34473 34456 34448 34445 22
4 34430 34428 34420 34416 23
4 34394 34374 34370 34366 22
4 34361 34334 34331 34321 23
4 34296 34282 34278 34265 21
4 34254 34209 34193 34186 23
4 34157 34154 34140 34138 23
4 34125 34114 34098 34090 20
4 34076 34042 34035 34023 19
4 34001 33999 33959 33955 22
4 33947 33937 33906 33899 22
4 33898 33852 33821 33818 24
4 33815 33747 33745 33738 19
4 33736 33731 33715 33691 23
4 33688 33681 33672 33664 22
4 33648 33620 33602 33589 20
4 33569 33539 33530 33527 22
4 33526 33500 33422 33414 22
4 33409 33407 33405 33365 22
4 33363 33351 33343 33300 22
4 33288 33259 33257 33236 22
4 33232 33183 33178 33136 21
4 33133 33125 33082 33080 21
4 33054 33042 33041 33020 22
4 32988 32972 32961 32958 22
4 32937 32922 32913 32901 22
4 32859 32856 32835 32812 22
4 32765 32747 32743 32741 19
4 32711 32709 32697 32671 23
4 32646 32602 32546 32522 23
4 32508 32506 32494 32481 22
4 32476 32475 32465 32464 20
4 32411 32402 32387 32371 23
4 32364 32350 32330 32315 23
4 32303 32295 32283 32277 24
4 32263 32256 32230 32212 22
4 32199 32190 32178 32115 23
4 32071 32047 32044 32038 20
4 31996 31967 31961 31919 22
4 31916 31909 31896 31879 22
4 31875 31861 31848 31785 20
4 31760 31741 31715 31708 22
4 31701 31635 31629 31616 20
4 31611 31594 31592 31585 23
4 31582 31555 31553 31500 22
4 31487 31466 31455 31454 22
4 31444 31442 31434 31416 21
4 31412 31407 31404 31403 22
4 31393 31387 31377 31355 22
4 31343 31332 31293 31289 24
4 31275 31273 31255 31238 24
4 31236 31226 31220 31198 24
4 31193 31186 31182 31180 22
4 31162 31152 31123 31122 20
4 31116 31115 31114 31067 22
4 31057 31042 31001 30997 21
4 30994 30992 30979 30976 24
4 30972 30911 30908 30899 23
4 30864 30859 30845 30838 23
4 30822 30818 30817 30797 23
4 30779 30751 30740 30729 21
4 30720 30690 30689 30685 22
4 30654 30619 30616 30535 24
4 30534 30529 30500 30492 20
4 30480 30436 30435 30434 22
4 30429 30406 30401 30383 22
4 30381 30375 30366 30357 23
4 30332 30312 30249 30195 21
4 30193 30176 30155 30148 20
4 30134 30130 30129 30104 23
4 30093 30078 30077 30076 24
4 30056 30054 30026 30010 20
4 30003 29990 29989 29988 22
4 29976 29966 29941 29922 22
4 29895 29872 29868 29857 22
4 29832 29814 29761 29703 20
4 29682 29678 29664 29582 22
4 29579 29554 29536 29515 24
4 29512 29490 29481 29474 22
4 29432 29397 29388 29364 23
4 29352 29338 29334 29325 23
4 29314 29300 29270 29265 21
4 29241 29233 29232 29226 21
4 29218 29208 29200 29181 22
4 29168 29165 29162 29159 24
4 29147 29138 29131 29113 23
4 29109 29011 29000 28989 23
4 28981 28976 28972 28970 22
4 28969 28966 28960 28952 21
4 28925 28894 28873 28869 23
4 28867 28861 28858 28839 22
4 28812 28806 28788 28776 21
4 28775 28762 28756 28743 20
4 28735 28720 28700 28699 22
4 28695 28669 28665 28645 22
4 28630 28622 28621 28613 20
4 28587 28581 28506 28501 20
4 28463 28462 28443 28378 22
4 28377 28376 28343 28336 24
Score: 1675045 , Pizza Available: 78049